0.000497114 0.00049745 0.000496958 0.000496615 0.000496815 0.000497232 0.000497127 0.995527 0.000497051 0.000496403 
0.100017 0.100085 0.099986 0.099917 0.0999571 0.100041 0.10002 0.100098 0.100005 0.0998742 
0.197532 0.534756 0.05812 5.80221e-05 5.80453e-05 0.127865 5.80818e-05 0.0814363 5.8073e-05 5.79972e-05 
0.000880228 7.67243e-07 0.00140881 0.00130981 0.000470798 0.880709 0.11256 0.00260205 5.89419e-05 1.34684e-07 
0.000552312 0.553238 0.000552138 0.000551757 0.000551979 0.000552443 0.000552326 0.000552757 0.442345 0.000551521 
2.19772e-05 2.98271e-05 1.82444e-05 1.02546e-05 1.49578e-05 0.999825 2.22411e-05 3.13737e-05 2.04324e-05 5.23592e-06 
0.100025 1.19143e-05 0.192832 0.318779 0.0785462 0.0690848 0.0262063 0.207348 0.00715475 1.18892e-05 
0.184069 0.368255 0.0263998 0.000131252 0.0789145 0.0526976 0.000131387 0.00013149 0.289139 0.000131196 
9.821e-07 0.0717967 6.32385e-05 9.68584e-05 6.68426e-07 0.00640755 0.857789 0.0638172 9.13067e-07 2.71061e-05 
0.0169605 0.970765 7.99707e-05 0.000118321 1.36916e-05 0.00138568 0.00545068 0.0052236 2.90298e-06 1.20273e-08 
1.87946e-06 2.55078e-06 1.56024e-06 8.76965e-07 1.27918e-06 0.000347803 0.998212 2.68304e-06 0.0014288 4.4777e-07 
0.100017 0.100085 0.099986 0.099917 0.0999571 0.100041 0.10002 0.100098 0.100005 0.0998742 
0.000497114 0.00049745 0.000496958 0.000496615 0.000496815 0.000497232 0.000497127 0.995527 0.000497051 0.000496403 
0.24169 0.00290496 0.707334 0.000344627 5.29325e-07 0.0291624 0.0139455 0.00290227 0.00171559 1.85288e-07 
0.114003 0.137379 2.54389e-08 1.48447e-06 0.1403 0.0163549 0.0187237 3.45487e-05 0.573203 7.30064e-09 
0.648812 0.000249615 0.000249368 0.000249196 0.000249296 0.000249506 0.149921 0.000249647 0.000249415 0.199521 
0.100025 1.19143e-05 0.192832 0.318779 0.0785462 0.0690848 0.0262063 0.207348 0.00715475 1.18892e-05 
0.00243898 0.00244062 0.00243821 0.00243653 0.00243751 0.00243956 0.978053 0.00244094 0.00243867 0.00243549 
0.00169171 0.998204 0.000101264 2.0968e-07 3.05848e-07 5.06021e-07 4.54772e-07 6.41509e-07 4.17787e-07 1.07061e-07 
0.643278 0.183959 0.0115398 5.73727e-05 0.0804116 5.7444e-05 5.74318e-05 0.0805249 5.7423e-05 5.73482e-05 
0.999176 1.45099e-06 8.87531e-07 4.98854e-07 0.000390855 1.20388e-06 0.000426355 1.52623e-06 9.93967e-07 2.5471e-07 
0.000291746 0.00236586 0.000965152 6.77261e-07 9.87881e-07 0.983272 0.00176415 2.07206e-06 0.0113366 3.45803e-07 
0.334278 0.401128 7.25932e-06 0.260491 5.95161e-06 9.84684e-06 8.84957e-06 0.00406154 8.12988e-06 2.08333e-06 
8.10677e-07 1.10024e-06 6.72986e-07 3.78265e-07 5.51754e-07 9.12867e-07 8.20413e-07 1.15729e-06 0.999993 1.93139e-07 
0.100017 0.100085 0.099986 0.099917 0.0999571 0.100041 0.10002 0.100098 0.100005 0.0998742 
0.000107502 0.941207 4.76017e-05 0.00062336 2.1703e-07 3.59072e-07 0.0498625 4.55214e-07 0.00815131 7.59702e-08 
2.87269e-05 0.746336 0.000112699 7.77577e-05 3.3362e-09 0.21962 8.13998e-06 6.99761e-09 0.0338167 1.16782e-09 
1.70175e-07 0.998849 1.41271e-07 4.7722e-05 1.15822e-07 1.91626e-07 0.00110237 2.42935e-07 1.58213e-07 4.05431e-08 
4.18872e-06 0.00419574 4.18741e-06 4.18452e-06 0.172476 4.18972e-06 0.0854561 0.00419629 4.18819e-06 0.733655 
3.07164e-06 4.16879e-06 2.54994e-06 1.43324e-06 2.09059e-06 3.45884e-06 0.998222 0.00175752 2.85573e-06 7.318e-07 
9.0787e-05 0.417993 9.07585e-05 0.0545082 9.07323e-05 0.181708 0.145354 0.199983 9.07754e-05 9.06571e-05 
0.0110393 1.66453e-06 0.979657 5.7227e-07 8.34737e-07 1.38106e-06 0.00124243 0.00805563 1.14025e-06 2.92195e-07 
0.000815526 0.999171 1.6883e-06 9.48944e-07 1.38417e-06 2.29009e-06 2.05815e-06 2.90326e-06 1.89077e-06 4.84522e-07 
0.100025 1.19143e-05 0.192832 0.318779 0.0785462 0.0690848 0.0262063 0.207348 0.00715475 1.18892e-05 
0.000171822 0.337644 0.32644 0.0213986 8.97588e-07 1.48504e-06 0.000193057 1.88267e-06 0.314148 3.14196e-07 
0.000989869 0.000990538 0.000989559 0.000988876 0.000989273 0.991093 0.000989894 0.000990667 0.000989743 0.000988453 
2.74193e-07 0.223873 2.27622e-07 1.27939e-07 1.86618e-07 3.08756e-07 2.77486e-07 3.91426e-07 0.776125 6.53246e-08 
0.000163783 0.20589 0.000106646 1.50473e-05 0.641724 6.85821e-05 0.0852898 0.000233809 0.0665085 4.19867e-08 
0.000414962 0.000415242 0.166347 0.000414545 0.000414712 0.00041506 0.664371 0.000415296 0.166378 0.000414368 
5.07264e-08 0.000185825 9.23473e-11 2.36691e-08 0.196342 3.43225e-08 0.0526976 4.2847e-05 1.2831e-05 0.750719 
0.000815526 0.999171 1.6883e-06 9.48944e-07 1.38417e-06 2.29009e-06 2.05815e-06 2.90326e-06 1.89077e-06 4.84522e-07 
0.100025 1.19143e-05 0.192832 0.318779 0.0785462 0.0690848 0.0262063 0.207348 0.00715475 1.18892e-05 
0.0113058 0.00494932 1.13638e-05 7.09577e-06 4.70759e-06 0.0874414 3.09628e-06 3.22551e-08 0.896277 5.38301e-09 
nan nan nan nan nan nan nan nan nan nan 
0.139592 1.29299e-06 0.0021095 0.00196122 0.000704998 0.0720082 0.748427 0.0038962 0.0312995 2.26975e-07 
0.0549907 0.924024 6.27555e-05 9.35483e-05 0.000472736 0.00475873 0.00426693 0.00406818 0.00726204 1.51121e-08 
0.298895 0.597694 0.0999311 0.000496828 0.000497028 0.000497446 0.00049734 0.000497728 0.000497264 0.000496616 
0.000397377 0.00643786 2.58072e-09 3.01089e-07 0.000236435 0.0104508 3.51757e-06 4.43788e-09 0.982474 7.40633e-10 
0.00101885 0.043482 4.68949e-07 2.63582e-07 0.916431 0.000143965 5.71679e-07 8.06421e-07 0.0389219 1.34583e-07 
0.000291798 1.64289e-08 1.00491e-08 0.00293005 8.23885e-09 1.3631e-08 0.951798 1.72808e-08 0.0449802 2.88397e-09 
9.19514e-05 0.00536005 0.000109658 0.00424161 0.000404256 1.30085e-05 0.000103345 6.26803e-07 0.989675 1.04606e-07 
6.75005e-08 9.16108e-08 5.60358e-08 3.1496e-08 4.59414e-08 0.99919 6.83112e-08 0.000809529 6.27558e-08 1.60816e-08 
0.000815368 0.998977 1.68798e-06 9.48761e-07 1.3839e-06 2.28964e-06 2.05775e-06 2.9027e-06 1.8904e-06 0.000194256 
0.19261 4.59517e-07 0.000723462 8.61417e-05 0.000615016 3.8126e-07 0.615187 0.18915 0.00162741 8.06647e-08 
0.888782 0.00146373 7.97908e-07 0.000775066 0.100011 0.000243758 0.00244851 0.0014029 0.000713284 0.00415907 
2.52551e-05 0.000248232 4.71397e-05 2.94382e-05 3.43563e-05 0.999456 1.27951e-05 4.50101e-08 0.000146595 7.51168e-09 
0.000163783 0.20589 0.000106646 1.50473e-05 0.641724 6.85821e-05 0.0852898 0.000233809 0.0665085 4.19867e-08 
0.787548 0.157825 0.000262346 0.000262165 0.00026227 0.00026249 0.000262435 0.0527906 0.000262395 0.000262053 
0.787548 0.157825 0.000262346 0.000262165 0.00026227 0.00026249 0.000262435 0.0527906 0.000262395 0.000262053 
0.000989869 0.000990538 0.000989559 0.000988876 0.000989273 0.991093 0.000989894 0.000990667 0.000989743 0.000988453 
0.100017 0.100085 0.099986 0.099917 0.0999571 0.100041 0.10002 0.100098 0.100005 0.0998742 
0.787548 0.157825 0.000262346 0.000262165 0.00026227 0.00026249 0.000262435 0.0527906 0.000262395 0.000262053 
0.000171822 0.337644 0.32644 0.0213986 8.97588e-07 1.48504e-06 0.000193057 1.88267e-06 0.314148 3.14196e-07 
0.000990077 0.000990745 0.000989766 0.000989083 0.00098948 0.000990312 0.991091 0.000990874 0.000989951 0.00098866 
0.787548 0.157825 0.000262346 0.000262165 0.00026227 0.00026249 0.000262435 0.0527906 0.000262395 0.000262053 
0.298895 0.597694 0.0999311 0.000496828 0.000497028 0.000497446 0.00049734 0.000497728 0.000497264 0.000496616 
8.85977e-06 8.31806e-05 1.60598e-05 1.00053e-05 3.20623e-07 0.996724 0.00310749 6.72499e-07 4.91817e-05 1.12233e-07 
0.787548 0.157825 0.000262346 0.000262165 0.00026227 0.00026249 0.000262435 0.0527906 0.000262395 0.000262053 
3.40734e-06 4.62439e-06 2.82861e-06 0.000382081 2.31906e-06 3.83685e-06 0.995712 0.0038852 3.16783e-06 8.11777e-07 
0.787548 0.157825 0.000262346 0.000262165 0.00026227 0.00026249 0.000262435 0.0527906 0.000262395 0.000262053 
0.787548 0.157825 0.000262346 0.000262165 0.00026227 0.00026249 0.000262435 0.0527906 0.000262395 0.000262053 
0.787548 0.157825 0.000262346 0.000262165 0.00026227 0.00026249 0.000262435 0.0527906 0.000262395 0.000262053 
0.787548 0.157825 0.000262346 0.000262165 0.00026227 0.00026249 0.000262435 0.0527906 0.000262395 0.000262053 
0.298895 0.597694 0.0999311 0.000496828 0.000497028 0.000497446 0.00049734 0.000497728 0.000497264 0.000496616 
0.00139716 1.0598e-06 0.00223626 0.00207914 0.000747267 0.988944 0.0003709 0.00413033 9.34563e-05 1.86039e-07 
0.787548 0.157825 0.000262346 0.000262165 0.00026227 0.00026249 0.000262435 0.0527906 0.000262395 0.000262053 
1 2.42561e-10 1.48368e-10 8.33931e-11 1.21641e-10 2.01252e-10 1.8087e-10 2.55138e-10 1.66161e-10 4.25797e-11 
0.787548 0.157825 0.000262346 0.000262165 0.00026227 0.00026249 0.000262435 0.0527906 0.000262395 0.000262053 
3.15608e-06 4.28338e-06 2.62003e-06 1.47264e-06 0.332397 0.334119 3.19398e-06 4.50549e-06 0.333463 7.51915e-07 
0.0156278 0.00482976 1.75869e-05 1.14851e-05 0.000140058 0.0951366 3.25501e-06 3.18263e-08 0.884233 5.31144e-09 
0.00858762 0.00112409 0.770232 0.00511254 0.00700717 0.0998288 0.0214406 0.0854404 0.00120887 1.74873e-05 
0.787548 0.157825 0.000262346 0.000262165 0.00026227 0.00026249 0.000262435 0.0527906 0.000262395 0.000262053 
0.490054 0.00243972 0.00243731 0.00243563 0.0024366 0.00243865 0.00243813 0.490448 0.00243776 0.00243458 
0.787548 0.157825 0.000262346 0.000262165 0.00026227 0.00026249 0.000262435 0.0527906 0.000262395 0.000262053 
0.787548 0.157825 0.000262346 0.000262165 0.00026227 0.00026249 0.000262435 0.0527906 0.000262395 0.000262053 
0.787548 0.157825 0.000262346 0.000262165 0.00026227 0.00026249 0.000262435 0.0527906 0.000262395 0.000262053 
0.983304 0.000235445 0.000138304 1.77601e-07 2.59056e-07 4.28604e-07 0.00010552 0.0162152 3.53869e-07 9.06813e-08 
1.64776e-06 0.000896762 0.00109568 0.00015454 0.98983 0.00668156 0.00133571 2.35228e-06 1.53194e-06 3.92569e-07 
0.999756 0.000104472 1.06327e-07 5.97633e-08 8.71732e-08 1.44227e-07 7.79014e-05 3.67516e-05 1.19078e-07 2.44422e-05 
0.298895 0.597694 0.0999311 0.000496828 0.000497028 0.000497446 0.00049734 0.000497728 0.000497264 0.000496616 
0.490054 0.00243972 0.00243731 0.00243563 0.0024366 0.00243865 0.00243813 0.490448 0.00243776 0.00243458 
0.787548 0.157825 0.000262346 0.000262165 0.00026227 0.00026249 0.000262435 0.0527906 0.000262395 0.000262053 
0.787548 0.157825 0.000262346 0.000262165 0.00026227 0.00026249 0.000262435 0.0527906 0.000262395 0.000262053 
0.787548 0.157825 0.000262346 0.000262165 0.00026227 0.00026249 0.000262435 0.0527906 0.000262395 0.000262053 
0.647585 0.351897 2.57006e-05 7.18687e-08 6.30035e-05 6.95497e-05 1.55875e-07 4.41958e-05 0.000315178 3.66954e-08 
0.490054 0.00243972 0.00243731 0.00243563 0.0024366 0.00243865 0.00243813 0.490448 0.00243776 0.00243458 
0.999756 0.000104472 1.06327e-07 5.97633e-08 8.71732e-08 1.44227e-07 7.79014e-05 3.67516e-05 1.19078e-07 2.44422e-05 
0.787548 0.157825 0.000262346 0.000262165 0.00026227 0.00026249 0.000262435 0.0527906 0.000262395 0.000262053 
0.100017 0.100085 0.099986 0.099917 0.0999571 0.100041 0.10002 0.100098 0.100005 0.0998742 
0.787548 0.157825 0.000262346 0.000262165 0.00026227 0.00026249 0.000262435 0.0527906 0.000262395 0.000262053 
0.647585 0.351897 2.57006e-05 7.18687e-08 6.30035e-05 6.95497e-05 1.55875e-07 4.41958e-05 0.000315178 3.66954e-08 
8.05374e-09 1.09304e-08 6.68584e-09 0.000484735 5.48144e-09 0.0893737 8.15047e-09 0.910142 7.48763e-09 1.91875e-09 
0.787548 0.157825 0.000262346 0.000262165 0.00026227 0.00026249 0.000262435 0.0527906 0.000262395 0.000262053 
0.490054 0.00243972 0.00243731 0.00243563 0.0024366 0.00243865 0.00243813 0.490448 0.00243776 0.00243458 
0.787548 0.157825 0.000262346 0.000262165 0.00026227 0.00026249 0.000262435 0.0527906 0.000262395 0.000262053 
0.000134331 0.635177 3.28262e-05 2.19992e-08 0.000854857 9.78958e-05 0.316638 0.0457551 3.62132e-05 0.0012739 
0.787548 0.157825 0.000262346 0.000262165 0.00026227 0.00026249 0.000262435 0.0527906 0.000262395 0.000262053 
0.787548 0.157825 0.000262346 0.000262165 0.00026227 0.00026249 0.000262435 0.0527906 0.000262395 0.000262053 
0.000497458 0.000497794 0.000497302 0.000496959 0.000497158 0.398558 0.597463 0.000497859 0.000497395 0.000496746 
0.787548 0.157825 0.000262346 0.000262165 0.00026227 0.00026249 0.000262435 0.0527906 0.000262395 0.000262053 
0.0585962 0.0011506 3.02313e-08 1.22721e-06 0.783786 0.000349099 0.0802674 0.0240604 0.0265025 0.0252869 
0.187216 5.12073e-07 0.00093987 0.000873819 0.000314086 0.808677 0.000155927 0.00173592 3.93224e-05 4.80017e-05 
0.787548 0.157825 0.000262346 0.000262165 0.00026227 0.00026249 0.000262435 0.0527906 0.000262395 0.000262053 
5.07264e-08 0.000185825 9.23473e-11 2.36691e-08 0.196342 3.43225e-08 0.0526976 4.2847e-05 1.2831e-05 0.750719 
0.100025 1.19143e-05 0.192832 0.318779 0.0785462 0.0690848 0.0262063 0.207348 0.00715475 1.18892e-05 
0.000571306 5.31394e-06 0.994857 0.000266573 2.66486e-06 0.00256006 0.00172657 5.58948e-06 3.64019e-06 9.32822e-07 
0.787548 0.157825 0.000262346 0.000262165 0.00026227 0.00026249 0.000262435 0.0527906 0.000262395 0.000262053 
0.787548 0.157825 0.000262346 0.000262165 0.00026227 0.00026249 0.000262435 0.0527906 0.000262395 0.000262053 
2.23106e-08 3.02796e-08 1.85212e-08 1 1.51848e-08 2.51229e-08 2.25785e-08 3.18496e-08 2.07423e-08 5.31535e-09 
0.000143621 9.69748e-07 0.998533 3.33402e-07 4.86314e-07 0.000161724 0.0011577 1.02003e-06 6.64303e-07 1.70232e-07 
0.000143644 9.69904e-07 0.998694 3.33456e-07 4.86393e-07 8.04728e-07 0.00115789 1.0202e-06 6.6441e-07 1.70259e-07 
0.647585 0.351897 2.57006e-05 7.18687e-08 6.30035e-05 6.95497e-05 1.55875e-07 4.41958e-05 0.000315178 3.66954e-08 
0.787548 0.157825 0.000262346 0.000262165 0.00026227 0.00026249 0.000262435 0.0527906 0.000262395 0.000262053 
0.787548 0.157825 0.000262346 0.000262165 0.00026227 0.00026249 0.000262435 0.0527906 0.000262395 0.000262053 
0.787548 0.157825 0.000262346 0.000262165 0.00026227 0.00026249 0.000262435 0.0527906 0.000262395 0.000262053 
3.05219e-06 0.999976 2.53379e-06 1.42417e-06 2.07735e-06 3.43694e-06 3.08885e-06 4.35719e-06 2.83765e-06 7.27166e-07 
0.787548 0.157825 0.000262346 0.000262165 0.00026227 0.00026249 0.000262435 0.0527906 0.000262395 0.000262053 
0.787548 0.157825 0.000262346 0.000262165 0.00026227 0.00026249 0.000262435 0.0527906 0.000262395 0.000262053 
0.787548 0.157825 0.000262346 0.000262165 0.00026227 0.00026249 0.000262435 0.0527906 0.000262395 0.000262053 
0.00332172 0.00901229 0.000396055 1.39289e-06 0.000970072 0.981439 3.02101e-06 4.26149e-06 0.00485132 7.11195e-07 
0.100017 0.100085 0.099986 0.099917 0.0999571 0.100041 0.10002 0.100098 0.100005 0.0998742 
4.35183e-08 7.0934e-05 5.06136e-05 2.03261e-05 0.189728 0.000147061 4.4041e-08 6.2125e-08 0.809982 1.0368e-08 
0.0306042 0.00140215 0.000266815 0.904888 7.67632e-07 0.0140666 0.0135086 0.000839282 0.0344235 2.68706e-07 
0.647585 0.351897 2.57006e-05 7.18687e-08 6.30035e-05 6.95497e-05 1.55875e-07 4.41958e-05 0.000315178 3.66954e-08 
8.32331e-05 0.0362303 1.51093e-08 4.0627e-06 0.000110349 0.00415869 0.00926486 2.59824e-08 0.950148 4.33617e-09 
1.82351e-05 0.999859 1.5138e-05 8.50859e-06 1.2411e-05 2.05338e-05 1.84541e-05 2.60317e-05 1.69534e-05 4.34441e-06 
0.00543867 1.53238e-06 0.868875 0.000144669 7.68466e-07 0.00139271 0.124144 1.61184e-06 1.04972e-06 2.68998e-07 
9.08061e-05 9.08674e-05 0.127179 9.07149e-05 0.254196 9.08276e-05 9.08084e-05 0.581719 9.07945e-05 0.0363611 
0.787548 0.157825 0.000262346 0.000262165 0.00026227 0.00026249 0.000262435 0.0527906 0.000262395 0.000262053 
0.0374367 6.995e-07 0.0251975 5.64415e-05 3.50789e-07 5.80374e-07 0.87715 0.0601569 4.79176e-07 1.22792e-07 
0.999756 0.000104472 1.06327e-07 5.97633e-08 8.71732e-08 1.44227e-07 7.79014e-05 3.67516e-05 1.19078e-07 2.44422e-05 
5.16157e-07 1.40016e-06 5.34942e-10 3.00976e-07 0.000702866 0.00871251 6.52129e-10 9.19904e-10 0.990582 1.53522e-10 
9.0787e-05 0.417993 9.07585e-05 0.0545082 9.07323e-05 0.181708 0.145354 0.199983 9.07754e-05 9.06571e-05 
0.999756 0.000104472 1.06327e-07 5.97633e-08 8.71732e-08 1.44227e-07 7.79014e-05 3.67516e-05 1.19078e-07 2.44422e-05 
3.00806e-05 8.1588e-05 3.78345e-08 3.86903e-06 0.137003 0.00309949 0.000146943 0.000181379 0.859454 1.0858e-08 
1.64536e-10 2.23307e-10 5.47726e-08 0.0163385 1.79288e-07 0.00244703 1.66513e-10 2.34886e-10 0.981214 3.91998e-11 
0.787548 0.157825 0.000262346 0.000262165 0.00026227 0.00026249 0.000262435 0.0527906 0.000262395 0.000262053 
3.41399e-06 4.63342e-06 2.83414e-06 0.000256496 2.32359e-06 3.84434e-06 0.998956 4.87368e-06 0.000765015 8.13362e-07 
0.0174019 0.979911 3.23964e-07 1.8209e-07 2.65604e-07 0.000187405 0.000336457 5.57098e-07 0.00216147 9.29735e-08 
0.000698806 0.000500395 9.94654e-08 0.00144213 0.00198173 0.00136415 2.50105e-05 3.52803e-05 0.993952 2.85453e-08 
9.45677e-06 0.0420462 1.23741e-07 4.28822e-06 0.00511784 0.378136 1.50848e-07 2.12789e-07 0.574685 3.55122e-08 
0.100017 0.100085 0.099986 0.099917 0.0999571 0.100041 0.10002 0.100098 0.100005 0.0998742 
0.00431198 0.0350763 2.06713e-09 0.000678387 0.146285 0.0203882 4.65146e-05 2.66377e-05 0.793108 7.90337e-05 
nan nan nan nan nan nan nan nan nan nan 
5.07264e-08 0.000185825 9.23473e-11 2.36691e-08 0.196342 3.43225e-08 0.0526976 4.2847e-05 1.2831e-05 0.750719 
0.970809 0.00771186 3.33781e-07 1.87608e-07 5.536e-05 0.0208321 4.06901e-07 5.73981e-07 0.000545915 4.44421e-05 
0.465894 0.140436 0.0300295 0.000259177 6.45729e-07 0.362653 0.000598277 5.55278e-05 7.35427e-05 2.26034e-07 
0.648812 0.000249615 0.000249368 0.000249196 0.000249296 0.000249506 0.149921 0.000249647 0.000249415 0.199521 
0.833572 2.69685e-05 0.000444676 0.000413471 0.000148544 0.000215977 7.3646e-05 0.165086 1.84742e-05 7.8771e-09 
0.100017 0.100085 0.099986 0.099917 0.0999571 0.100041 0.10002 0.100098 0.100005 0.0998742 
0.999756 0.000104472 1.06327e-07 5.97633e-08 8.71732e-08 1.44227e-07 7.79014e-05 3.67516e-05 1.19078e-07 2.44422e-05 
0.00044726 0.28728 0.227401 0.00145779 0.107792 0.271158 0.0378326 0.0144907 0.0514476 0.000692225 
0.00408052 0.99281 4.577e-07 2.57259e-07 3.75249e-07 6.20843e-07 0.000781708 0.000787863 0.00153828 1.31354e-07 
0.298895 0.597694 0.0999311 0.000496828 0.000497028 0.000497446 0.00049734 0.000497728 0.000497264 0.000496616 
6.99351e-06 0.99961 8.16221e-06 0.000361982 8.00915e-06 1.06634e-07 9.58342e-08 4.20089e-06 8.80405e-08 2.25609e-08 
0.996552 0.0003834 0.000383021 0.000382756 0.00038291 0.000383232 0.000383151 0.00038345 0.000383092 0.000382593 
1.05844e-07 1.03973e-06 1.97488e-07 1.23325e-07 1.39241e-10 0.999996 5.36611e-08 1.64323e-06 6.14025e-07 4.87407e-11 
2.90594e-06 3.94391e-06 2.41238e-06 1.35593e-06 1.97781e-06 3.27225e-06 2.94085e-06 0.999978 2.70168e-06 6.92323e-07 
0.100025 1.19143e-05 0.192832 0.318779 0.0785462 0.0690848 0.0262063 0.207348 0.00715475 1.18892e-05 
0.0528382 0.241911 4.43102e-05 1.12188e-05 0.000153472 0.21636 6.60113e-08 0.00010664 0.488576 1.55401e-08 
0.0126972 0.165156 1.19935e-06 6.74117e-07 9.83295e-07 0.00060565 0.340522 0.474033 0.00698316 3.44197e-07 
0.100017 0.100085 0.099986 0.099917 0.0999571 0.100041 0.10002 0.100098 0.100005 0.0998742 
4.3265e-05 0.000117352 5.22816e-08 4.31772e-06 0.000280714 0.00317684 6.37346e-08 8.99051e-08 0.996377 1.50042e-08 
1.64536e-10 2.23307e-10 5.47726e-08 0.0163385 1.79288e-07 0.00244703 1.66513e-10 2.34886e-10 0.981214 3.91998e-11 
0.000291221 0.104619 8.1159e-07 4.5617e-07 0.729972 0.000215834 0.0352591 0.095518 0.034123 2.32916e-07 
0.704044 8.17983e-07 0.00528136 2.81225e-07 4.10206e-07 6.78679e-07 6.09944e-07 0.290671 5.6034e-07 1.43591e-07 
0.648812 0.000249615 0.000249368 0.000249196 0.000249296 0.000249506 0.149921 0.000249647 0.000249415 0.199521 
0.000202711 0.00323685 9.9706e-09 4.33239e-07 0.000121186 0.0182669 0.0125817 1.71458e-08 0.96559 2.86144e-09 
5.16157e-07 1.40016e-06 5.34942e-10 3.00976e-07 0.000702866 0.00871251 6.52129e-10 9.19904e-10 0.990582 1.53522e-10 
0.648812 0.000249615 0.000249368 0.000249196 0.000249296 0.000249506 0.149921 0.000249647 0.000249415 0.199521 
1.09413e-05 0.000774199 4.5742e-05 3.17277e-05 1.3895e-10 0.996788 2.79426e-06 0.00195258 0.000394214 4.86386e-11 
5.16157e-07 1.40016e-06 5.34942e-10 3.00976e-07 0.000702866 0.00871251 6.52129e-10 9.19904e-10 0.990582 1.53522e-10 
0.767969 0.0117399 6.71138e-05 2.13179e-07 0.000468559 5.14464e-07 0.0321271 0.186388 0.00123969 1.08847e-07 
3.99114e-05 0.000155448 0.0024425 0.000241337 0.192742 0.00907917 0.000256887 0.142963 0.470089 0.181991 
9.0787e-05 0.417993 9.07585e-05 0.0545082 9.07323e-05 0.181708 0.145354 0.199983 9.07754e-05 9.06571e-05 
1.38586e-05 0.00840496 6.8977e-08 6.89523e-06 0.0084916 0.514377 8.40874e-08 1.18615e-07 0.468705 1.97955e-08 
0.187216 5.12073e-07 0.00093987 0.000873819 0.000314086 0.808677 0.000155927 0.00173592 3.93224e-05 4.80017e-05 
1.37405e-07 8.89216e-05 8.03895e-05 6.41136e-08 9.35188e-08 4.55251e-05 5.09614e-05 0.999713 1.27746e-07 2.08018e-05 
0.100017 0.100085 0.099986 0.099917 0.0999571 0.100041 0.10002 0.100098 0.100005 0.0998742 
0.0164487 0.000535785 0.484993 0.00103405 8.92278e-08 0.330177 0.166495 1.87153e-07 0.000316418 3.12337e-08 
0.00986122 0.926751 7.0858e-08 0.00157129 0.000724682 0.00346918 0.0276253 0.0294793 7.58556e-05 0.000442391 
1.64536e-10 2.23307e-10 5.47726e-08 0.0163385 1.79288e-07 0.00244703 1.66513e-10 2.34886e-10 0.981214 3.91998e-11 
0.0625309 1.20246e-09 0.193051 0.296949 0.0262755 0.0335736 0.00434365 0.382979 0.000297527 2.11083e-10 
4.1212e-08 0.0165436 6.38614e-05 1.92297e-08 0.00107093 3.61205e-05 0.00107547 0.708332 5.49668e-06 0.272873 
2.60958e-06 0.997339 2.16635e-06 1.21764e-06 1.7761e-06 2.93853e-06 0.00264356 3.72533e-06 2.42615e-06 6.21715e-07 
5.07264e-08 0.000185825 9.23473e-11 2.36691e-08 0.196342 3.43225e-08 0.0526976 4.2847e-05 1.2831e-05 0.750719 
0.100025 1.19143e-05 0.192832 0.318779 0.0785462 0.0690848 0.0262063 0.207348 0.00715475 1.18892e-05 
0.00631029 0.0311283 0.0032999 0.656475 0.00837428 0.183375 0.0907159 0.00172518 0.0134849 0.00511204 
0.0169553 0.150817 0.0210621 0.00023585 0.0449383 0.290239 0.000383932 0.0117303 0.462986 0.000652263 
0.00433492 5.59679e-06 0.0155899 0.0161044 6.56296e-06 0.961548 0.000576323 3.62876e-05 0.00179798 3.64123e-10 
5.16157e-07 1.40016e-06 5.34942e-10 3.00976e-07 0.000702866 0.00871251 6.52129e-10 9.19904e-10 0.990582 1.53522e-10 
0.0141637 0.000338562 0.608892 0.00835604 9.82236e-05 0.330876 0.0356237 0.000542717 0.00110907 4.37376e-08 
4.3265e-05 0.000117352 5.22816e-08 4.31772e-06 0.000280714 0.00317684 6.37346e-08 8.99051e-08 0.996377 1.50042e-08 
0.000191905 0.307447 0.000191845 0.000191712 0.000191789 0.00019195 0.384011 0.000192059 0.307199 0.00019163 
0.000640696 4.63861e-05 6.79938e-07 6.0096e-05 0.998098 9.22296e-07 0.000556331 3.14743e-05 3.58095e-06 0.000561585 
0.381524 0.00812847 7.25081e-07 4.07546e-07 0.000343427 0.00918721 0.270374 1.24687e-06 0.33044 2.08089e-07 
0.000414771 0.581487 0.000414641 0.000414355 0.000414521 0.00041487 0.415196 0.000415105 0.000414718 0.000414178 
0.760582 0.184817 4.56924e-05 2.97532e-07 0.00024363 0.000135493 0.0405438 0.0136308 5.92832e-07 1.51917e-07 
1.93578e-05 5.2328e-05 1.32222e-07 1.2985e-05 0.000163527 0.473545 0.035095 2.27374e-07 0.491111 3.79461e-08 
6.75005e-08 9.16108e-08 5.60358e-08 3.1496e-08 4.59414e-08 0.99919 6.83112e-08 0.000809529 6.27558e-08 1.60816e-08 
0.100017 0.100085 0.099986 0.099917 0.0999571 0.100041 0.10002 0.100098 0.100005 0.0998742 
5.16157e-07 1.40016e-06 5.34942e-10 3.00976e-07 0.000702866 0.00871251 6.52129e-10 9.19904e-10 0.990582 1.53522e-10 
0.000148365 0.000111532 0.101561 2.64484e-05 0.000449181 2.09163e-05 0.436235 0.461106 0.000120795 0.000221029 
0.00179827 5.02604e-09 0.97303 0.00850163 0.00458844 0.000968325 0.000127201 0.0109768 9.27917e-06 8.82283e-10 
0.696483 0.302858 6.93214e-07 0.000144813 5.68337e-07 9.40304e-07 0.000387802 1.19207e-06 7.76347e-07 0.00012166 
1.09413e-05 0.000774199 4.5742e-05 3.17277e-05 1.3895e-10 0.996788 2.79426e-06 0.00195258 0.000394214 4.86386e-11 
0.000242242 0.00128 4.59413e-08 6.94702e-07 0.000396767 0.0254762 5.60053e-08 2.56818e-05 0.972578 1.31846e-08 
9.10479e-07 0.993536 0.000788429 4.24833e-07 0.000424608 0.000162905 0.0016013 0.00271024 0.00062456 0.000150914 
0.100017 0.100085 0.099986 0.099917 0.0999571 0.100041 0.10002 0.100098 0.100005 0.0998742 
5.16157e-07 1.40016e-06 5.34942e-10 3.00976e-07 0.000702866 0.00871251 6.52129e-10 9.19904e-10 0.990582 1.53522e-10 
1.28388e-10 1.74247e-10 1.10215e-06 0.17875 3.78875e-05 0.00186255 1.2993e-10 1.83282e-10 0.819348 3.05876e-11 
9.53386e-06 0.00230123 0.00558045 4.44854e-06 0.00914394 1.07357e-05 9.64837e-06 0.219411 8.86371e-06 0.76352 
6.51831e-06 0.997681 4.6875e-07 8.75404e-10 1.2769e-09 2.11261e-09 1.24954e-06 0.0023086 2.45783e-06 4.46973e-10 
0.00605895 0.0140925 3.59019e-06 2.01794e-06 2.94345e-06 0.979824 4.37667e-06 6.1738e-06 4.02073e-06 1.03034e-06 
0.0113058 0.00494932 1.13638e-05 7.09577e-06 4.70759e-06 0.0874414 3.09628e-06 3.22551e-08 0.896277 5.38301e-09 
0.000194683 0.00225013 0.000187756 0.00364832 0.191344 0.0115068 0.205919 4.13363e-07 0.584949 6.89856e-08 
0.000957895 2.16516e-06 1.32437e-06 7.44387e-07 1.08579e-06 1.79643e-06 0.999031 2.27743e-06 1.48319e-06 3.80077e-07 
8.34938e-07 0.699859 6.93127e-07 3.89586e-07 5.68266e-07 9.40186e-07 0.000736027 0.299325 7.76249e-07 7.62456e-05 
0.0333621 0.0667275 4.16375e-05 4.16087e-05 0.0416671 0.166684 4.16516e-05 4.16841e-05 0.691352 4.1591e-05 
0.000420681 0.0234938 0.000781247 0.776328 2.96313e-06 0.0411427 0.0171049 6.21508e-06 0.140718 1.03723e-06 
3.25439e-07 0.106445 2.70165e-07 1.51851e-07 2.21497e-07 3.66463e-07 3.29348e-07 0.893491 3.02564e-07 6.21047e-05 
0.000355445 0.00347034 0.0006606 0.808759 2.17454e-06 0.0348099 0.0245212 4.56104e-06 0.127416 7.61186e-07 
5.16157e-07 1.40016e-06 5.34942e-10 3.00976e-07 0.000702866 0.00871251 6.52129e-10 9.19904e-10 0.990582 1.53522e-10 
0.0433066 0.0253842 0.00411962 1.20101e-05 0.64009 0.0215572 0.00264008 0.0125655 0.250319 6.69098e-06 
5.16157e-07 1.40016e-06 5.34942e-10 3.00976e-07 0.000702866 0.00871251 6.52129e-10 9.19904e-10 0.990582 1.53522e-10 
0.381524 0.00812847 7.25081e-07 4.07546e-07 0.000343427 0.00918721 0.270374 1.24687e-06 0.33044 2.08089e-07 
0.0308826 0.00592637 1.97685e-09 3.57156e-06 0.00288988 0.014121 2.40991e-09 3.39946e-09 0.946177 5.67332e-10 
0.00364891 0.000825863 0.00584158 0.00543164 0.00195137 0.00283723 0.968431 0.0107895 0.00024269 1.03479e-07 
4.77174e-06 6.47614e-06 3.96128e-06 2.22652e-06 3.24769e-06 0.340954 0.32005 0.337386 0.00158796 1.13684e-06 
5.07264e-08 0.000185825 9.23473e-11 2.36691e-08 0.196342 3.43225e-08 0.0526976 4.2847e-05 1.2831e-05 0.750719 
0.0585962 0.0011506 3.02313e-08 1.22721e-06 0.783786 0.000349099 0.0802674 0.0240604 0.0265025 0.0252869 
0.00354714 1.85087e-06 1.13213e-06 6.36334e-07 9.28184e-07 1.53566e-06 0.996183 1.94684e-06 1.26789e-06 0.00026025 
0.99999 1.68759e-06 1.03226e-06 5.80199e-07 8.46303e-07 1.40019e-06 1.25839e-06 1.7751e-06 1.15605e-06 2.96244e-07 
0.00602397 0.0193417 0.0222422 0.00895379 0.0893769 0.0107602 0.0107722 0.7584 0.000876293 0.0732527 
0.000517838 0.100971 0.000127087 5.18678e-07 0.000968126 0.895685 1.12495e-06 0.000305328 0.00142409 2.64832e-07 
0.000197786 0.219767 1.31797e-07 1.67126e-05 0.152089 2.7996e-05 0.16654 0.000111867 0.459182 0.00206813 
0.761966 0.0875335 6.19784e-05 1.49765e-07 0.000174046 2.46928e-06 2.80144e-05 0.150179 5.48078e-05 7.64684e-08 
0.648812 0.000249615 0.000249368 0.000249196 0.000249296 0.000249506 0.149921 0.000249647 0.000249415 0.199521 
0.999934 6.55872e-05 4.85054e-10 2.72634e-10 3.97676e-10 6.57948e-10 5.91312e-10 8.34115e-10 5.43224e-10 1.39204e-10 
3.15608e-06 4.28338e-06 2.62003e-06 1.47264e-06 0.332397 0.334119 3.19398e-06 4.50549e-06 0.333463 7.51915e-07 
6.09618e-06 8.27365e-06 5.06077e-06 2.8445e-06 0.999949 6.86463e-06 6.1694e-06 8.70266e-06 5.66767e-06 1.45238e-06 
0.000311356 0.872696 0.124814 0.000311043 0.000311168 0.00031143 0.000311364 0.000311607 0.000311316 0.00031091 
0.000187578 3.03032e-08 0.000300295 0.000279222 0.000100313 0.000145852 4.9734e-05 0.998924 1.24759e-05 5.3195e-09 
9.0787e-05 0.417993 9.07585e-05 0.0545082 9.07323e-05 0.181708 0.145354 0.199983 9.07754e-05 9.06571e-05 
0.00502142 0.393922 1.00641e-07 2.53943e-05 1.36954e-05 0.103361 0.0301454 0.000284412 0.467226 2.88827e-08 
0.00207507 0.0285529 2.54065e-09 0.000412998 0.0572136 0.0118394 0.0269561 2.25309e-05 0.87286 6.68451e-05 
0.0014798 0.99239 2.23659e-05 1.18023e-05 0.00012621 5.92704e-07 5.32676e-07 0.00445107 0.00151717 1.25401e-07 
0.0129893 0.581451 2.51016e-07 1.39098e-05 0.0205585 0.00213884 0.00481227 0.376065 0.0016291 0.000341738 
0.000998727 0.0282847 1.24336e-08 0.000200848 0.0274042 0.00702354 0.0128974 0.0253839 0.897679 0.000128032 
0.939737 5.83677e-08 0.000578405 0.000537815 0.000193216 0.000280929 0.057572 0.00106832 2.403e-05 8.20706e-06 
0.104219 0.00106657 0.00116706 2.07754e-06 0.000242839 5.01371e-06 0.204039 0.319496 4.13949e-06 0.369757 
5.07264e-08 0.000185825 9.23473e-11 2.36691e-08 0.196342 3.43225e-08 0.0526976 4.2847e-05 1.2831e-05 0.750719 
3.34021e-06 4.53329e-06 2.77289e-06 0.999971 2.27338e-06 3.76126e-06 3.38033e-06 4.76835e-06 3.10542e-06 7.95784e-07 
1.38586e-05 0.00840496 6.8977e-08 6.89523e-06 0.0084916 0.514377 8.40874e-08 1.18615e-07 0.468705 1.97955e-08 
0.648812 0.000249615 0.000249368 0.000249196 0.000249296 0.000249506 0.149921 0.000249647 0.000249415 0.199521 
2.68999e-07 0.053882 1.99578e-05 1.58962e-05 1.83083e-07 0.000127168 9.14852e-05 0.945823 3.98784e-05 6.40873e-08 
0.00016293 0.0629709 5.30666e-07 8.94237e-05 0.238733 0.00157471 0.000128388 0.248783 0.447556 1.52294e-07 
6.51831e-06 0.997681 4.6875e-07 8.75404e-10 1.2769e-09 2.11261e-09 1.24954e-06 0.0023086 2.45783e-06 4.46973e-10 
2.3169e-07 0.982552 2.1679e-05 1.08108e-07 1.57691e-07 2.94064e-05 0.0150343 0.00235261 2.15405e-07 9.30483e-06 
0.000244956 0.668463 6.36403e-07 3.57703e-07 0.105365 0.00263867 0.107802 1.09438e-06 0.0989711 0.0165128 
0.00475829 0.0047615 0.0047568 0.00475351 0.00475542 0.00475942 0.00475841 0.957187 0.00475768 0.00475148 
0.000234527 0.0551377 0.000106415 3.64268e-05 3.62706e-07 0.000291629 0.913506 0.0306866 4.95454e-07 1.26963e-07 
2.6738e-05 4.31953e-09 0.00860381 0.0239206 1.4299e-05 2.07903e-05 0.029782 0.933006 0.00462549 7.5826e-10 
1.10757e-06 1.50318e-06 9.19453e-07 5.16797e-07 7.53822e-07 0.999991 1.12087e-06 1.58112e-06 1.02972e-06 2.63871e-07 
0.000989869 0.000990538 0.000989559 0.000988876 0.000989273 0.991093 0.000989894 0.000990667 0.000989743 0.000988453 
7.04413e-07 0.999419 5.84771e-07 3.28682e-07 0.000575796 7.93208e-07 7.12874e-07 1.00559e-06 6.54899e-07 1.67822e-07 
1.9756e-07 0.335205 1.64005e-07 9.21824e-08 0.0033535 2.22464e-07 0.00336772 0.654652 1.72756e-05 0.00340326 
0.000521931 0.00700503 2.63111e-07 1.47887e-07 0.0140902 0.00728461 0.000260537 4.52455e-07 0.970837 7.55097e-08 
0.100017 0.100085 0.099986 0.099917 0.0999571 0.100041 0.10002 0.100098 0.100005 0.0998742 
0.0485227 0.625266 5.99993e-06 2.41473e-08 0.0968747 0.00454303 4.97574e-05 9.02217e-05 0.224648 1.23294e-08 
5.1497e-05 5.15318e-05 0.0103476 0.0309187 5.1466e-05 5.15093e-05 0.216344 0.608206 0.133926 5.14233e-05 
0.100017 0.100085 0.099986 0.099917 0.0999571 0.100041 0.10002 0.100098 0.100005 0.0998742 
0.100025 1.19143e-05 0.192832 0.318779 0.0785462 0.0690848 0.0262063 0.207348 0.00715475 1.18892e-05 
5.07264e-08 0.000185825 9.23473e-11 2.36691e-08 0.196342 3.43225e-08 0.0526976 4.2847e-05 1.2831e-05 0.750719 
0.00164031 0.00164142 0.0016398 0.00163867 0.985239 0.0016407 0.00164036 0.00164164 0.00164011 0.00163797 
0.100025 1.19143e-05 0.192832 0.318779 0.0785462 0.0690848 0.0262063 0.207348 0.00715475 1.18892e-05 
1.03204e-06 0.300427 8.56752e-07 4.92536e-05 7.02416e-07 1.16213e-06 0.699227 0.000291919 9.59497e-07 2.45877e-07 
0.429053 0.167085 1.01792e-06 5.72145e-07 8.34554e-07 0.000646125 1.24091e-06 0.403211 1.14e-06 2.92131e-07 
1.10757e-06 1.50318e-06 9.19453e-07 5.16797e-07 7.53822e-07 0.999991 1.12087e-06 1.58112e-06 1.02972e-06 2.63871e-07 
0.000792848 0.0627086 0.00019404 3.63699e-07 4.10107e-05 0.935795 7.8882e-07 0.000466705 7.24669e-07 1.85701e-07 
0.00127187 2.0547e-07 0.00203615 0.00189326 0.000680172 0.989936 0.000337221 0.00376079 8.45924e-05 3.60688e-08 
0.00163753 5.87696e-05 1.78845e-07 1.00523e-07 1.46627e-07 2.42593e-07 2.18023e-07 0.998303 2.00293e-07 5.13262e-08 
0.100017 0.100085 0.099986 0.099917 0.0999571 0.100041 0.10002 0.100098 0.100005 0.0998742 
0.000989869 0.000990538 0.000989559 0.000988876 0.000989273 0.991093 0.000989894 0.000990667 0.000989743 0.000988453 
0.420724 1.20203e-06 0.00508547 4.13262e-07 6.02802e-07 9.97325e-07 8.96318e-07 0.574185 8.23425e-07 2.11008e-07 
0.749455 6.57801e-05 0.0132087 6.56698e-05 0.013205 6.57513e-05 0.0132132 0.21059 6.57274e-05 6.56417e-05 
0.000302085 0.881116 0.000188828 0.000140954 0.00571746 0.000204394 0.00205466 0.00117711 0.105608 0.0034903 
0.00327196 3.89496e-07 0.948205 1.3391e-07 0.0471523 3.23164e-07 5.83774e-05 0.00131143 2.66815e-07 6.8373e-08 
6.51831e-06 0.997681 4.6875e-07 8.75404e-10 1.2769e-09 2.11261e-09 1.24954e-06 0.0023086 2.45783e-06 4.46973e-10 
1.90846e-08 2.59013e-08 0.999977 8.90494e-09 1.56e-05 2.14903e-08 1.93138e-08 2.72443e-08 7.11495e-06 4.54678e-09 
0.000380823 0.302446 0.0267189 1.62169e-05 0.073536 3.95762e-05 0.329874 0.000272355 0.266716 1.7754e-07 
0.000131358 0.00198578 6.41814e-08 9.21696e-07 7.97294e-05 0.0110422 0.00764089 1.10369e-07 0.979119 1.84193e-08 
0.000178729 0.0169341 0.000938526 0.000168918 6.43518e-07 0.750552 0.224332 1.34976e-06 0.00689344 2.2526e-07 
0.00719317 0.675966 0.0539154 1.1703e-05 0.247187 0.00316954 0.000170126 0.0115487 0.000549957 0.000288878 
0.0051847 0.000498334 0.869779 4.9933e-05 0.000832441 0.000480768 0.123117 5.26391e-07 5.71808e-05 8.78488e-08 
0.00987508 2.46427e-05 2.46183e-05 2.46014e-05 2.46112e-05 2.46319e-05 0.0591286 0.0591749 0.871674 2.45908e-05 
4.93263e-08 6.6945e-08 0.0131526 0.983536 7.38921e-05 0.00024445 3.99848e-05 7.04163e-08 0.00295337 1.17517e-08 
0.00987508 2.46427e-05 2.46183e-05 2.46014e-05 2.46112e-05 2.46319e-05 0.0591286 0.0591749 0.871674 2.45908e-05 
0.00815015 0.0221146 0.000970687 2.71441e-06 0.954215 0.00262683 5.88724e-06 8.30464e-06 0.011904 1.38595e-06 
0.000216054 0.000879312 1.11163e-07 0.00514192 0.0040953 0.000146034 0.00147145 0.985121 0.000428373 0.00250009 
8.86278e-07 1.20284e-06 7.35747e-07 4.13541e-07 6.03209e-07 0.999993 8.96923e-07 1.26522e-06 8.23981e-07 2.1115e-07 
0.000741262 8.15533e-05 9.68899e-06 0.00177875 5.92516e-08 9.80308e-08 0.0838088 0.0504449 0.863135 2.07407e-08 
0.100025 1.19143e-05 0.192832 0.318779 0.0785462 0.0690848 0.0262063 0.207348 0.00715475 1.18892e-05 
1.38826e-06 1.88412e-06 1.15247e-06 6.47767e-07 0.999131 1.56325e-06 0.000279248 1.98182e-06 1.29067e-06 0.000579473 
0.18638 1.25964e-07 0.0129998 0.0489448 0.0283458 0.0169545 0.022202 0.677538 0.0066347 2.2112e-08 
0.000708811 0.000709289 0.000708588 0.000708099 0.000708383 0.000708979 0.28424 0.710091 0.00070872 0.000707796 
0.0903975 0.0590885 4.22583e-05 1.02626e-07 1.49695e-07 2.47668e-07 0.00209632 0.848049 0.000325884 5.24e-08 
2.53691e-05 8.58617e-08 3.1564e-05 2.95195e-08 4.30584e-08 7.12394e-08 0.000153722 0.997701 0.00208219 6.04402e-06 
0.000998727 0.0282847 1.24336e-08 0.000200848 0.0274042 0.00702354 0.0128974 0.0253839 0.897679 0.000128032 
0.216558 3.47756e-08 0.00119317 1.45128e-06 2.17125e-05 2.88533e-08 0.0167297 0.702132 0.0633642 6.1046e-09 
0.184069 0.368255 0.0263998 0.000131252 0.0789145 0.0526976 0.000131387 0.00013149 0.289139 0.000131196 
0.184069 0.368255 0.0263998 0.000131252 0.0789145 0.0526976 0.000131387 0.00013149 0.289139 0.000131196 
0.0585962 0.0011506 3.02313e-08 1.22721e-06 0.783786 0.000349099 0.0802674 0.0240604 0.0265025 0.0252869 
4.10318e-07 5.56878e-07 3.40627e-07 0.000191648 2.79266e-07 4.62041e-07 0.998165 0.0016407 3.81476e-07 9.77557e-08 
0.100017 0.100085 0.099986 0.099917 0.0999571 0.100041 0.10002 0.100098 0.100005 0.0998742 
0.100025 1.19143e-05 0.192832 0.318779 0.0785462 0.0690848 0.0262063 0.207348 0.00715475 1.18892e-05 
0.441155 3.42338e-06 2.09399e-06 1.17697e-06 1.71677e-06 0.228915 0.329894 2.49767e-05 2.34511e-06 6.00948e-07 
0.00449227 7.25728e-07 0.00719173 0.00668704 0.963362 0.00349299 0.00119107 0.0132832 0.000298783 1.27396e-07 
0.950604 7.97022e-06 0.000308497 0.000286731 0.000103207 0.000150112 5.14271e-05 0.0330295 0.0154581 9.66606e-08 
0.00123359 0.00123442 0.0012332 0.00123235 0.00123284 0.00123388 0.00123362 0.988901 0.00123343 0.00123182 
0.0273246 0.136533 4.54508e-05 0.790343 4.54377e-05 4.54759e-05 4.54662e-05 0.0364469 4.54593e-05 0.00912541 
1.19287e-05 0.0501462 0.00239691 0.00477861 1.19215e-05 0.942607 1.1929e-05 1.19383e-05 1.19272e-05 1.19116e-05 
9.0787e-05 0.417993 9.07585e-05 0.0545082 9.07323e-05 0.181708 0.145354 0.199983 9.07754e-05 9.06571e-05 
1.19287e-05 0.0501462 0.00239691 0.00477861 1.19215e-05 0.942607 1.1929e-05 1.19383e-05 1.19272e-05 1.19116e-05 
0.976157 0.0131776 0.00057841 1.61745e-06 0.00141794 0.00156526 3.50807e-06 4.94854e-06 0.00709331 8.25856e-07 
1.19287e-05 0.0501462 0.00239691 0.00477861 1.19215e-05 0.942607 1.1929e-05 1.19383e-05 1.19272e-05 1.19116e-05 
3.55126e-06 3.55366e-06 0.00142361 0.754246 3.54912e-06 0.0156328 3.55135e-06 3.55412e-06 0.228676 3.54618e-06 
0.000474903 0.0389425 1.4423e-05 0.00108751 1.48771e-07 2.4614e-07 0.0505436 0.0311397 0.877797 5.20767e-08 
0.0365241 3.65122e-05 3.64762e-05 0.0729382 3.64656e-05 3.64963e-05 0.416005 3.6517e-05 0.474313 3.64354e-05 
0.0365241 3.65122e-05 3.64762e-05 0.0729382 3.64656e-05 3.64963e-05 0.416005 3.6517e-05 0.474313 3.64354e-05 
2.98089e-05 4.04562e-05 0.999754 1.3909e-05 2.02882e-05 3.35665e-05 3.01669e-05 4.2554e-05 2.77136e-05 7.10178e-06 
0.100017 0.100085 0.099986 0.099917 0.0999571 0.100041 0.10002 0.100098 0.100005 0.0998742 
0.9998 3.3586e-05 2.05436e-05 1.1547e-05 1.68429e-05 2.78662e-05 2.5044e-05 3.53275e-05 2.30073e-05 5.89576e-06 
0.233081 4.89621e-07 0.000885297 0.00082308 0.000295851 0.763095 0.000146878 0.00163512 3.7044e-05 8.59493e-08 
0.000519239 0.00351881 7.17216e-07 0.00701478 5.88016e-07 9.72862e-07 8.74332e-07 0.988902 8.03227e-07 4.13722e-05 
0.000484932 0.00656661 1.00391e-06 5.64266e-07 0.989488 1.36174e-06 1.22383e-06 0.00345443 1.1243e-06 2.88109e-07 
0.24892 0.000621165 0.000620551 0.000620123 0.000620372 0.000620893 0.000620761 0.746116 0.000620667 0.000619857 
3.70632e-07 5.03017e-07 3.07682e-07 0.0002077 2.52255e-07 4.17352e-07 3.75084e-07 0.99979 3.4458e-07 8.83007e-08 
3.38279e-07 4.59107e-07 2.80823e-07 1.57842e-07 2.30235e-07 3.8092e-07 3.42342e-07 0.999997 3.14501e-07 8.05928e-08 
1.96736e-06 2.67008e-06 1.63321e-06 9.1798e-07 1.339e-06 0.999984 1.99099e-06 2.80853e-06 1.82907e-06 4.68712e-07 
3.55126e-06 3.55366e-06 0.00142361 0.754246 3.54912e-06 0.0156328 3.55135e-06 3.55412e-06 0.228676 3.54618e-06 
0.00101099 0.00759247 2.35752e-07 0.000209865 0.0317422 0.570769 0.0354644 0.0179876 0.333721 0.00150249 
0.0365241 3.65122e-05 3.64762e-05 0.0729382 3.64656e-05 3.64963e-05 0.416005 3.6517e-05 0.474313 3.64354e-05 
0.0365241 3.65122e-05 3.64762e-05 0.0729382 3.64656e-05 3.64963e-05 0.416005 3.6517e-05 0.474313 3.64354e-05 
0.100017 0.100085 0.099986 0.099917 0.0999571 0.100041 0.10002 0.100098 0.100005 0.0998742 
2.74648e-06 3.72748e-06 0.549478 0.272453 1.86927e-06 0.0136109 2.77946e-06 3.92076e-06 0.164443 6.5433e-07 
0.994398 0.000177552 5.40319e-07 3.03697e-07 4.42985e-07 7.32911e-07 6.58683e-07 0.00501834 6.05116e-07 0.000403324 
3.55126e-06 3.55366e-06 0.00142361 0.754246 3.54912e-06 0.0156328 3.55135e-06 3.55412e-06 0.228676 3.54618e-06 
0.100017 0.100085 0.099986 0.099917 0.0999571 0.100041 0.10002 0.100098 0.100005 0.0998742 
0.0365241 3.65122e-05 3.64762e-05 0.0729382 3.64656e-05 3.64963e-05 0.416005 3.6517e-05 0.474313 3.64354e-05 
0.000220255 8.33503e-07 5.09831e-07 0.623168 0.00043032 0.00133431 0.0025346 8.76722e-07 0.372252 5.8646e-05 
0.000658751 8.93155e-07 5.46318e-07 0.983727 4.47904e-07 7.41049e-07 0.00759303 9.39467e-07 0.00795444 6.28714e-05 
