0.000704939 0.000712095 0.997876 0.000706975 
0.000822041 0.000830385 0.997523 0.000824416 
0.00165083 0.00166758 0.00166797 0.995014 
0.000990186 0.00100024 0.401188 0.596822 
0.104978 0.100346 0.0156765 0.778999 
0.00136713 0.995157 0.00100223 0.00247391 
0.00245047 0.992616 0.00247592 0.00245755 
0.950017 0.00101425 0.0419728 0.00699579 
0.000299324 2.02276e-06 2.04163e-06 0.999697 
0.978314 8.66011e-08 0.00508294 0.0166029 
0.999264 6.64559e-07 6.70758e-07 0.000734507 
0.365006 6.35435e-05 0.618771 0.0161597 
0.832133 0.0522821 0.0148377 0.100747 
0.960278 0.00152067 0.00244928 0.0357519 
0.00485199 0.00490124 0.985381 0.00486601 
0.455017 0.221351 0.323548 8.44902e-05 
0.980648 9.20224e-07 0.0193504 6.55283e-07 
0.248544 0.251067 0.251126 0.249262 
0.802562 1.98002e-06 0.00010426 0.197332 
0.787183 0.000264969 0.212289 0.000263064 
0.338081 0.469799 0.124719 0.0674003 
7.42875e-06 0.999971 1.25222e-05 8.83453e-06 
0.248544 0.251067 0.251126 0.249262 
5.26801e-07 0.00152434 0.998213 0.000262274 
0.000617183 0.99814 0.000623593 0.000618966 
0.0634308 0.469207 0.192055 0.275308 
0.00485312 0.985376 0.00490352 0.00486714 
0.00296518 0.993505 3.12194e-06 0.0035263 
0.000222204 0.00010609 0.949236 0.0504353 
0.12144 0.815486 0.000525184 0.0625482 
0.0829669 0.45069 0.0669828 0.39936 
0.998491 0.000504062 0.000504179 0.000500438 
0.000705102 0.997875 0.000712425 0.000707139 
0.840657 0.036444 0.122853 4.60548e-05 
0.417677 0.12062 0.381834 0.0798683 
0.999056 0.000315274 0.000315348 0.000313008 
0.998491 0.000504062 0.000504179 0.000500438 
2.93204e-06 4.89669e-06 0.99441 0.0055825 
5.39163e-07 9.00434e-07 9.08833e-07 0.999998 
0.858177 0.0587902 0.046754 0.0362787 
1.05427e-06 0.0003539 0.99839 0.00125503 
5.63853e-07 9.41668e-07 0.999998 6.70554e-07 
0.022036 0.878473 0.0181257 0.0813653 
0.0766489 0.920737 0.00119034 0.00142365 
0.996661 0.00110653 0.00223091 1.96495e-06 
0.455017 0.221351 0.323548 8.44902e-05 
0.993761 0.00459835 2.31947e-06 0.00163805 
0.993012 8.29101e-07 8.36835e-07 0.00698633 
1 1.63629e-07 1.65155e-07 1.16519e-07 
0.0549886 0.154744 0.00587797 0.784389 
0.992517 0.00250023 0.00250081 0.00248226 
3.64438e-07 6.08633e-07 6.1431e-07 0.999998 
0.427352 0.000718287 0.000718454 0.571211 
0.0254642 0.92452 0.0140784 0.0359377 
2.09302e-06 0.00349896 0.99351 0.00298939 
0.0442885 0.944226 0.000119168 0.0113663 
0.514962 0.00202029 0.102278 0.38074 
0.381458 0.0191779 0.000292731 0.599072 
0.0571093 0.218811 7.81192e-05 0.724002 
0.689337 0.160253 0.0484529 0.101957 
5.63691e-07 0.000259785 0.999739 6.70362e-07 
0.00485199 0.00490124 0.985381 0.00486601 
0.918231 0.0403241 0.041317 0.00012808 
0.998832 1.8003e-06 0.00081878 0.000347108 
3.68468e-06 6.15364e-06 0.999986 4.38195e-06 
0.000203448 0.997722 0.00102768 0.0010471 
4.17921e-06 6.97953e-06 7.04463e-06 0.999982 
0.00485199 0.00490124 0.985381 0.00486601 
0.748203 0.000629308 0.000629454 0.250538 
0.2409 8.37281e-05 5.5808e-05 0.75896 
0.99973 9.01596e-05 9.01805e-05 8.95115e-05 
0.0545866 1.88395e-07 0.0130226 0.932391 
0.00123131 0.99629 0.0012441 0.00123487 
0.00930422 0.0207307 0.0296811 0.940284 
0.00111326 0.831585 0.00166827 0.165633 
0.542414 0.456677 0.000456326 0.000452941 
0.999993 2.60294e-06 2.62722e-06 1.85353e-06 
0.00245923 0.499322 0.00248477 0.495734 
0.123011 0.000241167 0.876662 8.59199e-05 
0.135676 0.0194174 0.536917 0.307989 
0.0763245 0.000192268 0.923292 0.000190886 
0.248544 0.251067 0.251126 0.249262 
0.00163866 0.0016553 0.995063 0.0016434 
0.769258 0.22932 7.19263e-07 0.00142137 
0.0418625 0.0171881 0.305748 0.635201 
1.13574e-06 0.000738901 0.998209 0.00105098 
0.999995 1.78414e-06 1.80078e-06 1.27047e-06 
8.25222e-07 0.5532 0.446798 9.81383e-07 
5.82888e-07 9.73459e-07 9.82539e-07 0.999997 
0.00165083 0.00166758 0.00166797 0.995014 
3.33258e-07 5.5656e-07 5.61751e-07 0.999999 
0.754467 3.34726e-05 0.0104001 0.235099 
0.00244991 0.00247478 0.992618 0.00245699 
0.000247202 0.299903 0.699602 0.000247916 
0.000840849 0.000676266 0.998483 1.85145e-07 
0.99973 9.01596e-05 9.01805e-05 8.95115e-05 
0.00012675 0.0346246 4.23847e-07 0.965248 
0.0474444 0.0070519 0.898694 0.0468095 
1.23233e-06 2.05807e-06 0.999995 1.46553e-06 
0.000257429 0.00042992 0.998567 0.000746084 
0.184402 0.297926 0.000186131 0.517486 
0.976553 0.000575576 0.00662071 0.0162508 
0.750432 0.248896 2.50716e-07 0.000672331 
5.03548e-07 0.999279 0.000649711 7.10701e-05 
0.00105701 0.998018 0.000629185 0.000296055 
6.89566e-07 0.546265 0.304612 0.149122 
0.292821 0.246844 0.0707521 0.389584 
0.0358776 0.0599856 0.774809 0.129328 
0.676181 0.000469155 0.323349 1.30996e-06 
0.999993 2.46699e-06 2.49e-06 1.75672e-06 
0.00132823 0.000740925 0.997929 1.6079e-06 
0.000148849 1.64659e-06 0.999848 1.17252e-06 
0.99624 0.00125637 0.00125666 0.00124734 
0.0634308 0.469207 0.192055 0.275308 
0.0753426 0.108121 7.19359e-05 0.816465 
0.165532 0.499973 0.33367 0.00082592 
0.705853 0.230651 0.0626856 0.000810509 
2.66973e-05 0.606464 0.393373 0.000136508 
0.999998 8.33777e-07 8.41554e-07 5.93725e-07 
0.165532 0.499973 0.33367 0.00082592 
0.999997 1.19085e-06 1.20196e-06 8.47996e-07 
0.103889 0.0738472 0.0405238 0.78174 
0.000442618 0.198022 0.798732 0.00280355 
1.74671e-06 2.91712e-06 2.94433e-06 0.999992 
0.842511 0.00119338 0.0826519 0.0736435 
0.246099 0.270209 0.108141 0.375551 
0.00147529 0.000658122 0.887094 0.110772 
0.639915 0.000129256 0.0518437 0.308112 
0.703118 0.296821 6.00975e-05 2.10942e-07 
0.000991254 1.25185e-06 0.309306 0.689701 
0.000145914 0.206501 0.383465 0.409888 
0.179541 0.820408 5.02357e-05 4.8769e-07 
0.79202 0.205135 0.00284504 1.24236e-07 
0.735309 0.25835 0.00617983 0.000161655 
0.0396549 0.388963 0.000131584 0.571251 
0.000825186 0.500971 0.000833756 0.49737 
0.00033233 0.997368 0.00111759 0.00118173 
0.000621037 0.000244506 0.999134 4.34358e-07 
0.881017 0.101068 0.0178751 3.93304e-05 
0.344144 0.0367293 0.256559 0.362568 
0.00246805 0.0024931 0.00249368 0.992545 
0.0228969 0.0482878 7.18731e-05 0.928743 
2.24426e-07 3.74805e-07 0.999999 2.66895e-07 
0.000935781 0.000272475 8.33454e-07 0.998791 
0.998491 0.000504062 0.000504179 0.000500438 
4.91085e-06 8.20141e-06 0.999981 5.84015e-06 
0.0014614 0.997773 0.000448928 0.000316723 
0.998628 0.000458322 0.000458428 0.000455027 
0.000671362 0.997702 0.001006 0.000621082 
2.66955e-07 0.999999 4.49989e-07 3.17472e-07 
0.000617183 0.99814 0.000623593 0.000618966 
0.0365341 0.646394 0.157718 0.159354 
0.00062108 0.126104 0.000627531 0.872647 
0.00163866 0.0016553 0.995063 0.0016434 
0.000993135 0.00100322 0.00100345 0.997 
0.000825186 0.500971 0.000833756 0.49737 
0.00139744 1.12464e-07 0.998602 8.00849e-08 
0.165532 0.499973 0.33367 0.00082592 
0.184172 0.118404 0.0995058 0.597918 
0.000617183 0.99814 0.000623593 0.000618966 
2.43087e-06 0.695119 4.09756e-06 0.304874 
0.313495 0.0118148 0.435807 0.238883 
0.308663 0.173297 0.277236 0.240803 
0.331277 0.240683 0.12361 0.30443 
0.000838221 0.998865 9.17224e-05 0.00020539 
0.0374166 0.0288594 0.0241732 0.909551 
0.0634308 0.469207 0.192055 0.275308 
5.22919e-06 8.73306e-06 8.81452e-06 0.999977 
0.490115 0.116547 0.393265 7.22733e-05 
0.985181 0.00495115 0.0049523 0.00491556 
0.0725596 0.00436783 0.922967 0.000105921 
0.997842 0.000489755 0.00166761 2.17833e-07 
0.286638 0.0136396 0.0312027 0.66852 
0.31779 3.05629e-06 3.0848e-06 0.682204 
0.490115 0.116547 0.393265 7.22733e-05 
0.0634308 0.469207 0.192055 0.275308 
0.000236816 0.111816 0.887947 4.141e-08 
0.999872 0.000126972 6.37597e-07 4.49832e-07 
0.24117 0.0231405 0.652594 0.0830962 
0.992517 0.00250023 0.00250081 0.00248226 
1.496e-06 0.000502177 2.52171e-06 0.999494 
0.117158 4.45037e-05 0.000201741 0.882596 
0.00246805 0.0024931 0.00249368 0.992545 
0.000200149 0.959788 0.0396497 0.000362147 
0.604538 0.236544 0.0294255 0.129493 
0.246099 0.270209 0.108141 0.375551 
0.945659 8.4179e-05 0.00107863 0.0531781 
0.0043609 0.00188848 0.219667 0.774083 
0.000887176 2.40498e-06 2.42741e-06 0.999108 
0.0062307 1.73139e-05 1.74754e-05 0.993735 
0.795205 0.201664 0.000913257 0.00221843 
0.994995 0.00167237 0.00167276 0.00166035 
0.000247229 0.00123456 0.998517 1.46276e-06 
0.967648 0.0321848 1.71344e-06 0.000165761 
0.996826 0.00257343 0.000600174 7.04542e-07 
0.854164 0.144404 0.000718598 0.000713266 
2.62854e-05 0.937591 0.000132492 0.0622505 
0.998115 0.000629761 0.000629907 0.000625233 
5.1955e-06 0.00521476 8.75773e-06 0.994771 
1.23132e-06 0.000824607 0.999173 1.46433e-06 
0.248544 0.251067 0.251126 0.249262 
0.330818 0.667521 0.000833553 0.000827368 
0.985181 0.00495115 0.0049523 0.00491556 
0.00244991 0.00247478 0.992618 0.00245699 
0.490115 0.116547 0.393265 7.22733e-05 
8.11625e-08 0.00547617 0.00552731 0.988996 
0.000684823 0.0431299 0.956185 6.07786e-07 
3.48498e-06 0.00116984 5.87442e-06 0.998821 
0.108607 3.17512e-05 0.319481 0.571881 
0.000192199 0.917911 0.0815491 0.000347668 
0.0177746 0.912522 7.346e-05 0.0696304 
0.521555 5.61442e-05 0.208251 0.270138 
0.000235458 0.618645 0.380884 0.000236139 
0.000300534 0.109823 0.0833195 0.806557 
0.782303 0.204389 0.013147 0.000161568 
0.00216421 1.64215e-06 0.997131 0.000702786 
0.000825186 0.500971 0.000833756 0.49737 
0.329214 0.426804 0.243587 0.000395012 
0.666909 0.19133 0.00169388 0.140068 
0.000822103 0.33301 0.665343 0.000824478 
0.985181 0.00495115 0.0049523 0.00491556 
1.07759e-06 1.79965e-06 0.932346 0.067651 
0.00109243 0.714687 0.136837 0.147383 
0.308943 0.000326873 0.000658111 0.690072 
0.717149 0.177922 0.000649586 0.10428 
1.16063e-06 0.00152366 0.00139817 0.997077 
4.1963e-07 0.000140862 0.000283645 0.999575 
0.000753437 0.862621 0.136034 0.000591118 
0.00123102 0.00124352 0.996291 0.00123458 
0.997224 0.00276995 3.49037e-06 2.46249e-06 
1.24382e-06 0.999995 2.09663e-06 1.4792e-06 
0.00244991 0.00247478 0.992618 0.00245699 
0.994995 0.00167237 0.00167276 0.00166035 
0.00276409 0.99426 2.04031e-06 0.00297424 
4.96116e-05 4.12211e-07 0.99995 2.93532e-07 
0.00163866 0.0016553 0.995063 0.0016434 
0.0683198 0.0877592 0.0562497 0.787671 
0.999989 4.16053e-06 4.19934e-06 2.96268e-06 
0.00554459 1.15603e-05 1.16681e-05 0.994432 
0.000825186 0.500971 0.000833756 0.49737 
2.99662e-06 0.2261 0.146924 0.626973 
0.999996 1.38916e-06 1.40212e-06 9.89211e-07 
4.28344e-07 0.000143787 7.22034e-07 0.999855 
0.000332561 0.999664 1.8629e-06 1.3143e-06 
0.000213916 0.571961 3.60224e-07 0.427825 
0.00162077 0.128075 0.87002 0.000283694 
0.20677 0.0380539 0.170949 0.584228 
0.216165 0.686255 0.0972183 0.000361981 
0.00565699 0.988491 2.07251e-06 0.00585016 
0.773194 0.135836 0.0646758 0.0262941 
0.999972 1.03727e-05 1.04694e-05 7.3863e-06 
0.000978808 0.000787647 0.997715 0.000518203 
8.37735e-06 6.50372e-06 0.0341024 0.965883 
0.919908 0.000627112 0.000909549 0.0785558 
0.611435 0.388251 0.000314683 4.11059e-08 
0.838961 0.147394 2.33404e-07 0.0136452 
0.998886 0.00111096 1.49395e-06 1.05399e-06 
0.778238 5.19671e-08 0.0084343 0.213328 
0.483437 0.229886 0.17249 0.114188 
0.781526 0.0279955 0.19041 6.8345e-05 
1.65774e-06 0.999994 2.79434e-06 1.97144e-06 
2.98946e-07 0.00319575 5.03915e-07 0.996803 
0.749865 0.0802071 0.0559151 0.114012 
0.992517 0.00250023 0.00250081 0.00248226 
0.0456941 0.185395 0.768911 3.78861e-07 
0.239487 0.48931 0.27041 0.000792392 
0.946486 0.000265508 0.00026557 0.0529834 
2.61328e-06 4.36433e-06 0.00176642 0.998227 
0.997489 0.00083898 0.000839175 0.000832949 
0.490115 0.116547 0.393265 7.22733e-05 
0.984838 0.00385297 0.0112636 4.53682e-05 
0.56259 0.0517812 0.103457 0.282172 
0.00139744 1.12464e-07 0.998602 8.00849e-08 
2.94849e-06 4.92416e-06 0.999989 3.50645e-06 
0.378755 0.0396329 0.515619 0.0659924 
0.56259 0.0517812 0.103457 0.282172 
0.212395 0.00118014 0.487933 0.298492 
0.0634308 0.469207 0.192055 0.275308 
0.453364 0.00023366 0.45302 0.0933832 
0.142326 0.000217254 0.85661 0.000846426 
0.998345 0.000668556 0.000986113 1.83034e-07 
0.417677 0.12062 0.381834 0.0798683 
0.00163866 0.0016553 0.995063 0.0016434 
0.998345 0.000668556 0.000986113 1.83034e-07 
0.000353052 0.998936 0.000356719 0.000354072 
0.000296067 0.000274989 0.999155 0.000273955 
0.00139744 1.12464e-07 0.998602 8.00849e-08 
0.710475 0.000143889 0.181674 0.107707 
0.832721 0.0520611 0.0147242 0.100494 
0.0634308 0.469207 0.192055 0.275308 
0.246015 0.753978 4.02589e-06 2.84031e-06 
0.992517 0.00250023 0.00250081 0.00248226 
0.25626 0.000143732 0.172662 0.570935 
0.00244991 0.00247478 0.992618 0.00245699 
0.99624 0.00125637 0.00125666 0.00124734 
0.248544 0.251067 0.251126 0.249262 
0.99624 0.00125637 0.00125666 0.00124734 
0.00244991 0.00247478 0.992618 0.00245699 
0.248544 0.251067 0.251126 0.249262 
0.983638 1.90984e-05 3.20741e-08 0.0163424 
0.248544 0.251067 0.251126 0.249262 
0.340688 0.238296 0.0530699 0.367946 
0.000704939 0.000712095 0.997876 0.000706975 
0.542414 0.456677 0.000456326 0.000452941 
0.490115 0.116547 0.393265 7.22733e-05 
0.999995 1.94415e-06 1.96229e-06 1.38441e-06 
0.00124082 0.000487821 0.998271 2.16973e-07 
3.27923e-05 9.57951e-07 0.999966 6.82149e-07 
0.807825 0.000107357 0.000107382 0.191961 
0.171096 0.0215231 0.807381 1.94343e-07 
1.31059e-06 2.18876e-06 2.20917e-06 0.999994 
1.31059e-06 2.18876e-06 2.20917e-06 0.999994 
0.00688816 0.989789 0.00332038 2.92454e-06 
0.000826113 0.000834499 0.334712 0.663628 
0.00123131 0.99629 0.0012441 0.00123487 
0.455017 0.221351 0.323548 8.44902e-05 
0.487273 0.174608 0.337614 0.000504185 
1.47793e-06 2.46824e-06 0.999994 1.75761e-06 
0.246099 0.270209 0.108141 0.375551 
0.25626 0.000143732 0.172662 0.570935 
0.00485199 0.00490124 0.985381 0.00486601 
0.998183 0.000326751 0.00111258 0.000378009 
0.00245047 0.992616 0.00247592 0.00245755 
0.254638 6.36503e-05 0.714125 0.0311735 
0.00323694 0.000984899 0.995077 0.000701336 
0.0391137 0.260315 0.700571 3.85059e-07 
4.22809e-07 7.06117e-07 0.999496 0.000503323 
1.64242e-06 2.74295e-06 0.999994 1.95323e-06 
0.165532 0.499973 0.33367 0.00082592 
0.978048 0.00131041 0.0205376 0.000104354 
0.516059 0.280925 0.0473592 0.155657 
0.849467 0.000199968 0.150262 7.15733e-05 
0.000106049 1.42736e-06 0.999892 1.01641e-06 
0.99624 0.00125637 0.00125666 0.00124734 
0.488238 0.0858614 0.000107218 0.425794 
0.671407 0.026809 0.188254 0.11353 
0.165532 0.499973 0.33367 0.00082592 
0.000826113 0.000834499 0.334712 0.663628 
0.920377 0.000337098 0.000544056 0.078742 
0.992517 0.00250023 0.00250081 0.00248226 
5.67891e-07 0.000160732 0.999838 6.75356e-07 
0.848709 0.00588276 0.134863 0.0105451 
0.00217615 0.000280851 0.000565533 0.996977 
0.000986127 1.64524e-06 0.999011 1.17156e-06 
0.000614747 0.193803 0.805411 0.000172183 
2.94892e-07 4.92487e-07 0.999999 3.50696e-07 
0.308663 0.173297 0.277236 0.240803 
0.997411 0.00209832 0.000489638 8.21697e-07 
0.126594 0.687117 0.185149 0.00113971 
0.000985932 0.598561 0.399465 0.000988781 
0.165532 0.499973 0.33367 0.00082592 
0.000108498 0.953381 0.0464425 6.8523e-05 
0.279937 0.719791 0.00027229 2.06877e-07 
0.998628 0.000458322 0.000458428 0.000455027 
0.000992846 0.999004 2.08936e-06 1.47407e-06 
0.000552723 0.000558334 0.000558464 0.99833 
0.639915 0.000129256 0.0518437 0.308112 
5.41335e-05 0.958973 0.0406955 0.000277791 
5.33101e-07 0.999998 8.98614e-07 6.33982e-07 
0.0411167 0.546554 0.0903263 0.322003 
0.992517 0.00250023 0.00250081 0.00248226 
9.56333e-07 0.998955 0.00061146 0.000432498 
0.99973 9.01596e-05 9.01805e-05 8.95115e-05 
0.00123117 0.49871 0.498824 0.00123472 
0.246099 0.270209 0.108141 0.375551 
0.165041 0.00303507 0.530975 0.300949 
2.48453e-06 0.99999 4.18801e-06 2.95469e-06 
0.510797 0.0544354 0.434633 0.000134773 
1.39313e-06 2.3266e-06 0.00328997 0.996706 
2.47628e-06 0.998321 0.00167382 2.94489e-06 
0.000380079 0.000383937 0.998855 0.000381177 
0.999997 1.15783e-06 1.16863e-06 8.24482e-07 
0.00485199 0.00490124 0.985381 0.00486601 
0.997351 0.000292384 0.00235573 5.1921e-07 
1.47327e-06 2.46046e-06 0.996841 0.00315548 
0.000822231 0.997522 0.00083077 0.000824606 
0.000204869 0.414849 0.584945 6.1214e-07 
0.230668 0.223462 0.545516 0.000354519 
0.00163866 0.0016553 0.995063 0.0016434 
0.999896 0.000103479 5.19626e-07 3.66602e-07 
9.98659e-07 1.66782e-06 1.68338e-06 0.999996 
0.000163949 0.13523 0.864455 0.000151521 
0.996209 9.87615e-07 0.00378894 7.03272e-07 
0.664616 0.0152217 0.306705 0.0134571 
0.000235458 0.618645 0.380884 0.000236139 
0.490115 0.116547 0.393265 7.22733e-05 
0.075663 6.82792e-05 0.924269 1.1482e-07 
0.0634308 0.469207 0.192055 0.275308 
0.0393255 0.00549605 0.954703 0.000475073 
0.000499925 5.41885e-07 0.999499 3.85872e-07 
6.13746e-07 0.454694 0.000906144 0.5444 
0.00154264 0.000613875 0.000248212 0.997595 
0.340688 0.238296 0.0530699 0.367946 
0.999944 2.0719e-05 2.09122e-05 1.47538e-05 
1.47067e-06 0.00491466 0.995082 1.74898e-06 
0.000637685 0.609221 0.389997 0.000144595 
0.000153776 0.259058 0.740344 0.000445209 
6.874e-05 0.528686 0.471245 4.75959e-07 
7.006e-05 0.857658 0.141911 0.000360582 
0.000617183 0.99814 0.000623593 0.000618966 
0.301353 1.23268e-06 0.00327595 0.69537 
0.00107373 0.422552 0.576374 1.87755e-07 
1.2993e-05 0.999855 6.54427e-05 6.665e-05 
0.000985796 0.000995803 0.99703 0.000988644 
0.000277061 3.8527e-07 3.88864e-07 0.999722 
0.820594 0.000180162 0.000180204 0.179045 
0.820594 0.000180162 0.000180204 0.179045 
0.00530536 0.968733 0.00529604 0.0206656 
6.3312e-07 0.000396998 1.06721e-06 0.999601 
1.24226e-06 0.999158 0.000839696 1.47734e-06 
0.155765 0.142631 0.000432081 0.701172 
0.00246805 0.0024931 0.00249368 0.992545 
0.0444624 0.954753 0.000783772 8.09077e-07 
3.11034e-07 5.19445e-07 5.2429e-07 0.999999 
0.526972 0.00029557 0.355061 0.117671 
0.000460313 0.999148 0.000389329 1.93068e-06 
0.00245047 0.992616 0.00247592 0.00245755 
0.00245047 0.992616 0.00247592 0.00245755 
0.00124018 0.00125277 0.00125306 0.996254 
4.99228e-07 8.3374e-07 0.000884066 0.999115 
1.74671e-06 2.91712e-06 2.94433e-06 0.999992 
0.000246458 1.02643e-06 0.999752 7.30915e-07 
0.000107502 0.578107 0.421474 0.000311259 
0.0812912 0.000574087 0.615761 0.302374 
3.68094e-07 6.14739e-07 6.20473e-07 0.999998 
0.00231013 0.000919287 9.26935e-07 0.99677 
9.12065e-05 1.85958e-07 0.999908 1.32419e-07 
0.0570163 0.000568861 0.941428 0.000986851 
0.00485312 0.985376 0.00490352 0.00486714 
1.9391e-06 3.23841e-06 0.000787499 0.999207 
1.8479e-09 1 3.11489e-09 2.19759e-09 
0.000128591 0.000214754 0.0983886 0.901268 
0.000858141 0.596401 0.401642 0.00109901 
0.173551 0.102613 0.0865918 0.637245 
0.000584054 0.000262072 0.998757 0.000397153 
0.997489 0.00083898 0.000839175 0.000832949 
0.00198552 0.997716 1.56955e-06 0.000296499 
0.00164295 0.665511 0.00166001 0.331186 
0.997984 1.80222e-06 0.000729431 0.00128463 
0.769145 0.0338046 0.178232 0.0188179 
0.000185473 0.0315263 0.967751 0.000537119 
7.78635e-05 0.890394 8.42793e-07 0.109527 
0.000277061 3.8527e-07 3.88864e-07 0.999722 
3.48904e-06 5.82692e-06 5.88127e-06 0.999985 
0.123133 0.00385484 2.70352e-05 0.872985 
0.974184 0.0185949 2.71362e-06 0.00721878 
0.00147926 0.990649 0.00358404 0.00428721 
4.66427e-07 7.78961e-07 7.86227e-07 0.999998 
0.00209422 0.00168431 0.996221 4.61123e-07 
6.28587e-05 0.000417722 9.19639e-05 0.999427 
1.49054e-06 2.4893e-06 0.00201253 0.997983 
0.000704939 0.000712095 0.997876 0.000706975 
3.48086e-06 5.81324e-06 0.00235285 0.997638 
3.79507e-07 6.338e-07 0.999999 4.51324e-07 
0.0041216 4.28066e-08 0.995878 3.04822e-08 
0.000745182 0.000586177 0.917795 0.080874 
0.451664 0.456248 0.0916358 0.000452516 
0.248544 0.251067 0.251126 0.249262 
0.99624 0.00125637 0.00125666 0.00124734 
1.84695e-06 3.08452e-06 0.999993 2.19646e-06 
0.0763245 0.000192268 0.923292 0.000190886 
5.81761e-05 1.06298e-06 0.99994 7.56941e-07 
0.340688 0.238296 0.0530699 0.367946 
0.315838 5.32919e-07 5.3789e-07 0.684161 
0.945756 0.0537666 0.000258515 0.000218587 
0.994995 0.00167237 0.00167276 0.00166035 
0.000985796 0.000995803 0.99703 0.000988644 
0.00163866 0.0016553 0.995063 0.0016434 
0.818319 0.00724869 0.0253274 0.149105 
0.0216847 3.12096e-05 0.00172144 0.976563 
0.100775 0.176117 0.721539 0.00156935 
0.96641 0.00244474 0.000434428 0.0307109 
0.00074415 0.000690737 0.447143 0.551422 
0.339245 0.000469619 0.000167687 0.660118 
0.000344761 0.999246 0.000409031 1.85661e-07 
0.00420586 0.00158707 0.994206 9.15312e-07 
0.999997 1.14344e-06 1.1541e-06 8.1423e-07 
0.00012063 0.00147351 0.997786 0.0006202 
0.00488756 0.00493717 0.00493832 0.985237 
0.992517 0.00250023 0.00250081 0.00248226 
1.61896e-06 0.0002525 0.000925955 0.99882 
0.00120577 8.79707e-05 8.87918e-05 0.998617 
0.0359396 0.495441 3.75766e-07 0.468619 
0.936602 0.0626092 0.000787967 1.24666e-06 
0.212043 0.000592803 0.000858744 0.786505 
6.21606e-05 0.99034 3.37564e-08 0.00959825 
0.9993 0.000298159 0.000401086 3.53271e-07 
0.999066 0.00039779 0.000534723 1.29306e-06 
0.000280246 1.28889e-06 1.30091e-06 0.999717 
8.39194e-07 1.4015e-06 1.41458e-06 0.999996 
0.000710193 0.000717402 0.000717569 0.997855 
0.490115 0.116547 0.393265 7.22733e-05 
0.49757 0.212622 0.289676 0.00013239 
0.000686078 0.997569 0.000502958 0.0012415 
0.280764 0.000809661 0.000181956 0.718244 
0.465476 0.112038 0.000111952 0.422374 
0.970642 0.0151616 0.0141221 7.43534e-05 
0.0251199 0.918203 0.0140586 0.0426182 
0.0260036 0.092821 0.0186608 0.862515 
0.587331 0.00115148 0.000871847 0.410646 
7.4893e-07 1.25076e-06 0.000506232 0.999492 
5.24629e-07 8.76163e-07 8.84335e-07 0.999998 
0.981696 0.00363574 0.0146648 3.23218e-06 
0.611435 0.388251 0.000314683 4.11059e-08 
0.55256 0.242792 0.120939 0.0837089 
0.959031 0.0378753 0.00165919 0.00143499 
0.0605946 0.000551539 0.000222975 0.938631 
0.0197806 0.057481 0.000317612 0.922421 
0.00053529 0.000166443 0.261072 0.738227 
0.00488756 0.00493717 0.00493832 0.985237 
0.0364893 0.0755234 0.70254 0.185447 
0.0634308 0.469207 0.192055 0.275308 
0.998922 0.00036025 0.000360334 0.000357661 
0.105086 0.00770682 0.0148309 0.872376 
0.0411167 0.546554 0.0903263 0.322003 
0.000180936 0.921528 7.5813e-07 0.0782906 
0.000121141 0.000282907 0.999596 3.1135e-07 
0.907677 0.000457557 0.000184785 0.091681 
6.3829e-07 1.06598e-06 0.0305364 0.969462 
0.000602853 0.998682 0.000715206 2.56165e-07 
3.74889e-07 6.26087e-07 6.31927e-07 0.999998 
0.000665425 0.000617663 0.998101 0.00061559 
