0.203127 0.201593 0.200482 0.198982 0.195815 
0.00125864 0.00124914 0.995046 0.00123296 0.00121333 
0.000187794 0.0747369 0.630371 0.294524 0.000181033 
0.584388 0.414389 0.000411691 0.000408611 0.000402107 
0.000143663 0.000177239 0.0826707 0.917008 1.52934e-07 
1.32256e-06 0.000767461 0.998783 0.000179114 0.000268648 
0.00201496 0.00248964 0.986689 0.00880578 4.63127e-07 
0.00125175 0.99508 0.00123545 0.0012262 0.00120668 
0.00168772 0.00167498 0.667964 0.00165328 0.32702 
2.20552e-06 1.81749e-06 0.0622115 0.937784 4.06048e-07 
0.764376 0.0594349 0.0268239 0.149365 9.84506e-08 
0.00101421 0.00100655 0.201201 0.7958 0.000977694 
0.000628153 8.61293e-07 0.000146674 0.999224 1.92423e-07 
0.000601159 0.671597 0.326923 0.000878662 2.82945e-07 
0.00014634 3.00732e-07 0.999853 1.93528e-07 6.71871e-08 
8.68041e-07 0.000551827 0.998777 0.00067036 1.59811e-07 
0.000388736 0.617669 0.000383674 0.381184 0.000374742 
2.34379e-06 0.00309224 0.000328914 0.996576 4.31505e-07 
0.00149393 0.000967388 0.000819608 0.99668 3.93758e-05 
4.40777e-05 0.0073009 0.0123404 2.33746e-05 0.980291 
0.945373 0.0523964 0.000913584 0.00131636 3.2547e-07 
0.000157357 0.31128 0.000192157 0.688371 3.61677e-08 
0.244004 0.752593 0.00074306 0.00265923 1.39858e-07 
0.00168772 0.00167498 0.667964 0.00165328 0.32702 
0.0863546 3.95999e-05 3.35505e-05 0.913572 4.40152e-08 
0.00101421 0.00100655 0.201201 0.7958 0.000977694 
0.00449949 0.993508 2.6157e-06 0.00198875 6.89743e-07 
0.0213027 0.0100805 0.955701 0.0129154 6.95735e-08 
3.03836e-06 0.295488 0.000747169 0.703761 5.59378e-07 
0.000846088 0.000839698 0.167849 0.829649 0.000815628 
0.0190956 0.00139748 0.0013793 0.978128 5.83917e-08 
0.997008 1.36568e-06 1.15706e-06 0.00298896 3.05109e-07 
0.999884 0.000114821 4.83983e-07 3.67612e-07 1.27623e-07 
0.00168772 0.00167498 0.667964 0.00165328 0.32702 
8.68041e-07 0.000551827 0.998777 0.00067036 1.59811e-07 
0.253781 0.000419075 0.000416765 0.744976 0.000407062 
9.93e-07 8.18295e-07 0.999997 5.26593e-07 1.82817e-07 
0.996744 0.000823661 0.000819121 0.000812992 0.000800051 
8.85422e-06 7.29644e-06 0.995282 0.00470013 1.63011e-06 
0.203127 0.201593 0.200482 0.198982 0.195815 
0.660686 1.5138e-06 0.00206929 0.337243 3.38201e-07 
0.00480689 0.017082 0.892373 0.0693897 0.0163483 
0.000114623 0.141768 0.056129 0.801988 2.63455e-08 
0.203127 0.201593 0.200482 0.198982 0.195815 
0.00100783 0.601134 0.000994707 0.395892 0.000971549 
0.00113111 0.982779 0.000497282 0.000177807 0.0154149 
6.03754e-05 0.106725 0.0435223 0.849692 1.29824e-07 
0.000846088 0.000839698 0.167849 0.829649 0.000815628 
0.953323 0.0319392 0.000167089 0.0145702 9.50115e-08 
2.55897e-06 0.000531659 0.127961 0.871504 4.71121e-07 
2.35142e-06 1.93772e-06 1.64171e-06 0.99982 0.000173597 
0.0193457 0.124321 0.00709231 0.849241 5.03298e-08 
0.113413 0.000559984 0.000556898 0.884926 0.000543933 
0.189482 0.00118036 9.24991e-06 0.809328 9.11549e-08 
1.37324e-06 1.13164e-06 0.999997 7.28236e-07 2.52821e-07 
0.203127 0.201593 0.200482 0.198982 0.195815 
0.00135608 1.3499e-06 0.836061 0.162581 3.01585e-07 
1.20517e-06 9.93137e-07 0.999749 0.000248735 2.21879e-07 
0.682991 0.00093736 0.000133118 0.315938 2.39518e-07 
0.998283 0.000489403 0.00119562 5.58795e-07 3.17023e-05 
0.203127 0.201593 0.200482 0.198982 0.195815 
0.00119287 4.89055e-06 0.998579 3.14719e-06 0.000219614 
5.69345e-05 9.37185e-05 0.999849 7.52933e-08 2.61395e-08 
0.00100263 0.996059 0.000989575 0.00098217 0.000966536 
0.601743 0.000487633 0.396047 0.00172188 3.1158e-07 
0.000229779 0.182664 0.81666 0.00022509 0.000221507 
0.0176318 7.69636e-07 0.000683001 0.981668 1.65293e-05 
0.00101573 0.00100806 0.0010025 0.995995 0.000979162 
0.00128846 0.00127873 0.00127168 0.00126217 0.994899 
2.93478e-06 0.00145349 2.049e-06 0.998541 5.40309e-07 
0.000130089 0.000103958 0.931401 0.0683177 4.77381e-05 
0.314679 0.000173405 0.000172449 0.684807 0.000168435 
0.000589968 2.41876e-06 2.04927e-06 0.999297 0.000108616 
0.109665 0.32624 0.0541862 0.509776 0.000131982 
0.0813783 0.121095 0.140482 0.656947 9.79383e-05 
0.133337 0.361087 0.0536621 0.451914 7.60676e-08 
3.13408e-06 2.58268e-06 2.18815e-06 0.999857 0.000135223 
0.000738335 0.0313413 0.909815 0.0581056 1.51415e-07 
0.996096 0.000987583 0.00098214 0.00097479 0.000959274 
0.0100876 0.0525212 9.27306e-05 0.937285 1.3295e-05 
0.0126823 3.20069e-07 0.986203 0.000330312 0.000784218 
0.00448587 0.990292 0.00521643 3.9582e-06 1.37416e-06 
0.000190401 0.000235256 0.000232509 0.999342 4.37626e-08 
0.0813783 0.121095 0.140482 0.656947 9.79383e-05 
0.363606 0.000374075 0.370078 0.265942 6.95861e-08 
2.53864e-06 0.00209411 0.995748 0.00215536 4.67378e-07 
2.97042e-06 0.000655113 0.998867 0.000474463 5.4687e-07 
0.0813783 0.121095 0.140482 0.656947 9.79383e-05 
0.0813783 0.121095 0.140482 0.656947 9.79383e-05 
1.95644e-06 1.61223e-06 0.00191368 0.998082 3.60191e-07 
0.0391424 0.959768 0.000513904 0.000575249 1.42184e-07 
0.00101421 0.00100655 0.201201 0.7958 0.000977694 
0.999986 5.1183e-06 4.33643e-06 3.29375e-06 1.14349e-06 
0.000186995 0.445585 0.553865 0.000183179 0.000180263 
0.288245 0.000357139 0.710698 0.000352513 0.000346902 
0.844544 0.154959 3.27069e-07 0.000497103 8.62462e-08 
0.685704 0.000341903 0.0011492 0.312804 4.29737e-07 
0.000388943 0.000386006 0.998469 0.000381006 0.000374941 
0.00252042 0.00250138 0.0024876 0.990061 0.00242968 
2.15143e-06 0.99816 1.50208e-06 0.00159842 0.00023805 
0.000243915 0.48462 0.167736 0.34731 8.94692e-05 
0.000569506 0.00070367 0.000695455 0.998031 1.30898e-07 
0.428799 0.0710276 0.000252809 0.49992 5.35749e-08 
0.000388943 0.000386006 0.998469 0.000381006 0.000374941 
0.420712 0.000417116 0.166342 0.412124 0.000405159 
0.0813783 0.121095 0.140482 0.656947 9.79383e-05 
1.20982e-06 0.998971 8.44668e-07 0.00102716 2.22734e-07 
0.0829569 0.349572 0.000102218 0.507367 0.0600027 
0.0813783 0.121095 0.140482 0.656947 9.79383e-05 
0.348945 0.646189 0.00106263 0.0038029 2.00008e-07 
0.00168772 0.00167498 0.667964 0.00165328 0.32702 
0.000178996 0.082252 0.0949544 0.814363 0.00825123 
0.00210825 0.000966336 2.1828e-06 0.996923 5.75591e-07 
0.997264 0.00273253 1.92765e-06 1.46415e-06 5.08309e-07 
0.0383833 0.142159 0.0234652 0.795993 1.1014e-08 
1.52881e-07 0.000100913 0.999737 0.000162229 2.81463e-08 
0.993515 0.00164062 0.00163158 0.00161937 0.00159359 
0.00101421 0.00100655 0.201201 0.7958 0.000977694 
0.000840836 0.000834486 0.99669 0.000823677 0.000810566 
0.0063704 0.00787086 0.0177726 0.327358 0.640628 
0.998857 0.00114012 1.44755e-06 1.09949e-06 3.8171e-07 
0.000109127 0.0352719 0.000300038 0.964304 1.50995e-05 
0.999998 6.09071e-07 5.16028e-07 3.91952e-07 1.36074e-07 
7.63067e-05 9.40976e-05 0.0449363 0.954893 1.0042e-07 
0.230883 0.00022891 0.000227648 0.768438 0.000222348 
0.230883 0.00022891 0.000227648 0.768438 0.000222348 
0.00426555 2.92679e-06 0.995352 0.000378576 6.53881e-07 
0.203127 0.201593 0.200482 0.198982 0.195815 
0.000705998 3.23036e-07 0.000383437 0.99891 7.217e-08 
0.000110259 0.397691 0.27804 0.324159 4.75885e-07 
0.573326 0.000710357 0.424572 0.000701156 0.000689995 
8.38697e-05 0.000103628 0.266389 0.733423 1.9277e-08 
0.000107776 0.000377101 9.39411e-08 0.9995 1.48878e-05 
9.91245e-07 0.000654297 0.999344 5.25662e-07 1.82494e-07 
0.632074 4.33261e-07 0.367811 5.60417e-05 5.81742e-05 
0.00101573 0.00100806 0.0010025 0.995995 0.000979162 
0.000363931 0.000361182 0.000359192 0.998565 0.000350829 
8.68205e-05 0.00584539 0.00897073 0.985097 1.22962e-07 
0.000129042 0.160266 0.000490393 0.839115 2.34371e-07 
0.0854918 4.38123e-07 3.71195e-07 0.914507 9.78819e-08 
0.997364 0.00170642 0.000805435 0.000123427 4.65692e-07 
0.997174 0.000794678 0.00179431 5.07418e-07 0.000236662 
0.000216709 7.52321e-07 0.000174468 0.999608 1.68078e-07 
2.01623e-06 0.999567 1.40769e-06 0.000428755 3.71199e-07 
0.128909 0.554564 0.00925751 0.307269 1.90776e-07 
0.0926191 0.0116442 0.000168758 0.895568 1.51672e-07 
0.113413 0.000559984 0.000556898 0.884926 0.000543933 
0.738201 0.00182163 0.258019 0.00185579 0.00010187 
0.0849029 0.000419212 0.417319 0.496952 0.000407196 
0.203127 0.201593 0.200482 0.198982 0.195815 
0.139333 6.17001e-07 0.819421 0.0412452 1.37845e-07 
0.649398 0.000292819 0.349736 0.000289026 0.000284425 
0.113413 0.000559984 0.000556898 0.884926 0.000543933 
2.05125e-06 1.69036e-06 1.43214e-06 0.999885 0.000110224 
0.033163 1.68367e-05 0.00540474 0.96141 5.50164e-06 
0.746136 8.21049e-07 6.95625e-07 0.253862 1.83432e-07 
0.00100263 0.996059 0.000989575 0.00098217 0.000966536 
0.000638557 0.000633734 0.000630241 0.751255 0.246843 
0.997828 0.00163882 3.46251e-06 0.000528623 9.13042e-07 
0.378635 0.208858 0.000207498 0.412097 0.000202667 
0.314679 0.000173405 0.000172449 0.684807 0.000168435 
0.999262 1.56807e-06 1.32853e-06 0.000734588 3.50325e-07 
0.230883 0.00022891 0.000227648 0.768438 0.000222348 
0.00234479 9.61321e-06 0.00163708 0.996006 2.1477e-06 
0.0228189 5.35636e-07 4.53812e-07 0.97718 1.19668e-07 
0.00063602 0.000631217 0.000627738 0.997492 0.000613123 
0.00027775 3.95057e-05 2.05474e-07 0.999682 5.41823e-08 
7.81135e-06 6.43705e-06 5.45372e-06 0.999979 1.43811e-06 
0.99978 0.000217792 1.01435e-06 7.70457e-07 2.67479e-07 
0.962805 3.13119e-07 0.0371946 2.01499e-07 6.99544e-08 
0.00101421 0.00100655 0.201201 0.7958 0.000977694 
0.000462746 0.00114047 0.000162287 0.998089 0.000145924 
0.00101421 0.00100655 0.201201 0.7958 0.000977694 
0.0019211 0.996443 0.00105396 0.000582311 1.26271e-07 
0.999365 6.22573e-07 0.000633487 4.00641e-07 1.3909e-07 
0.00101421 0.00100655 0.201201 0.7958 0.000977694 
1.5124e-06 0.999304 0.000212241 0.000482021 2.78441e-07 
0.000460565 0.731799 0.000454568 0.000451166 0.266834 
0.00019725 0.986057 0.0132501 0.00049517 1.56641e-07 
0.066769 0.100324 0.304776 0.52805 8.18064e-05 
0.0813783 0.121095 0.140482 0.656947 9.79383e-05 
0.0829569 0.349572 0.000102218 0.507367 0.0600027 
0.203127 0.201593 0.200482 0.198982 0.195815 
8.90416e-06 7.33759e-06 0.99965 4.72192e-06 0.0003295 
1.41213e-06 0.999616 0.000381205 7.48858e-07 2.59981e-07 
0.368235 0.631023 0.000740869 5.55677e-07 1.92914e-07 
0.00589537 4.85329e-06 0.990972 0.00312633 1.08428e-06 
0.203127 0.201593 0.200482 0.198982 0.195815 
0.48458 0.3339 0.022026 0.159494 1.55885e-07 
0.979151 0.0208485 4.57331e-07 3.47368e-07 1.20595e-07 
0.990312 0.00245095 0.00243745 0.00241921 0.0023807 
0.991073 0.00887468 5.3933e-07 5.18454e-05 1.42218e-07 
0.998011 5.11455e-06 4.33324e-06 0.00197809 1.14265e-06 
0.000705998 3.23036e-07 0.000383437 0.99891 7.217e-08 
0.0813783 0.121095 0.140482 0.656947 9.79383e-05 
5.08347e-06 4.1891e-06 0.999448 0.000541854 9.35895e-07 
3.76722e-06 0.997605 0.00122876 0.000622872 0.000539566 
0.964648 9.86254e-06 0.0183914 0.016508 0.000442885 
0.000562731 0.000558482 0.667037 0.331299 0.000542473 
0.00125175 0.99508 0.00123545 0.0012262 0.00120668 
0.0719097 0.860822 0.0333189 0.0339363 1.29074e-05 
2.01709e-06 0.999995 1.40829e-06 1.06967e-06 3.71358e-07 
6.54352e-07 0.000288084 0.999711 3.47006e-07 1.2047e-07 
4.22367e-06 0.92505 2.94888e-06 0.0749421 7.77601e-07 
0.000317095 0.126195 0.375871 0.497311 0.00030568 
0.203127 0.201593 0.200482 0.198982 0.195815 
0.00275259 2.26603e-06 0.000385895 0.996859 5.06259e-07 
0.184947 0.000457732 0.000455209 0.813695 0.000444611 
0.000562731 0.000558482 0.667037 0.331299 0.000542473 
0.0185676 0.000109212 0.000276749 0.981046 1.10031e-07 
0.00101421 0.00100655 0.201201 0.7958 0.000977694 
0.000143472 0.999256 0.00022979 0.000370527 1.12324e-07 
0.0542136 0.000344275 0.0174609 0.927971 9.8941e-06 
0.203404 0.00025202 0.0503769 0.696763 0.0492039 
0.203404 0.00025202 0.0503769 0.696763 0.0492039 
0.000562731 0.000558482 0.667037 0.331299 0.000542473 
0.0136554 0.000693004 0.983133 0.000481098 0.00203725 
5.41724e-07 4.46415e-07 0.999786 0.000172654 3.99935e-05 
0.00125864 0.00124914 0.995046 0.00123296 0.00121333 
0.00125175 0.99508 0.00123545 0.0012262 0.00120668 
0.203404 0.00025202 0.0503769 0.696763 0.0492039 
0.00167473 0.00166208 0.993408 0.00164056 0.00161444 
1.27503e-06 1.05071e-06 0.998981 0.000406369 0.00061056 
6.58918e-07 0.00021774 0.663561 0.33622 1.2131e-07 
0.00033717 0.000334624 0.998673 0.00033029 0.000325032 
3.38284e-06 2.78768e-06 0.00189183 1.79394e-06 0.9981 
0.400842 0.596228 0.00098659 0.000979207 0.000963621 
0.203404 0.00025202 0.0503769 0.696763 0.0492039 
0.0035577 2.92883e-06 0.996044 1.88477e-06 0.000393255 
3.91709e-06 3.22793e-06 2.73483e-06 0.999989 7.21158e-07 
0.0276957 0.00082051 0.227973 2.33128e-06 0.743509 
0.566514 0.000267007 3.1715e-05 0.433178 8.36303e-06 
0.000494402 0.000185733 0.598151 0.401146 2.28593e-05 
0.846087 6.95833e-07 0.0731196 0.0807268 6.55628e-05 
4.01581e-06 0.131163 2.80376e-06 0.868829 7.39334e-07 
0.00196691 0.00889757 0.671028 0.15417 0.163938 
0.00100783 0.601134 0.000994707 0.395892 0.000971549 
0.672551 0.00298879 0.000431306 0.323911 0.000118307 
0.00125175 0.99508 0.00123545 0.0012262 0.00120668 
0.401577 0.000183875 0.0280065 0.570233 8.06109e-08 
0.00166558 0.993453 0.00164389 0.00163159 0.00160561 
0.00252042 0.00250138 0.0024876 0.990061 0.00242968 
0.00201747 0.00498343 0.987922 0.00507689 4.63705e-07 
0.000398664 1.63445e-06 0.999525 1.05181e-06 7.33962e-05 
0.203404 0.00025202 0.0503769 0.696763 0.0492039 
7.29725e-07 6.0134e-07 0.999998 3.86977e-07 1.34346e-07 
0.000721143 0.000715697 0.997162 0.000706426 0.000695181 
9.2173e-07 0.000281094 0.999537 0.00018089 1.69696e-07 
0.200047 6.21244e-07 0.795862 0.000375251 0.00371483 
0.00100835 0.996058 0.00204464 0.000888296 6.92999e-07 
0.0813783 0.121095 0.140482 0.656947 9.79383e-05 
0.000425545 0.169355 0.252422 0.167161 0.410636 
0.0813783 0.121095 0.140482 0.656947 9.79383e-05 
0.203404 0.00025202 0.0503769 0.696763 0.0492039 
0.995069 0.00204428 0.00288196 3.28163e-06 1.13928e-06 
0.334659 0.663709 0.000549585 0.000545473 0.00053679 
0.000984737 0.00561013 2.35689e-11 1.79018e-11 0.993405 
0.000984737 0.00561013 2.35689e-11 1.79018e-11 0.993405 
0.000984737 0.00561013 2.35689e-11 1.79018e-11 0.993405 
0.000984737 0.00561013 2.35689e-11 1.79018e-11 0.993405 
0.000984737 0.00561013 2.35689e-11 1.79018e-11 0.993405 
5.76553e-06 0.00282718 0.7388 0.258366 1.06147e-06 
0.00250179 0.00248289 0.990153 0.00245073 0.00241172 
0.000376408 0.00131703 3.2809e-07 0.998254 5.19957e-05 
0.996096 0.000987583 0.00098214 0.00097479 0.000959274 
3.12231e-06 2.57298e-06 0.00228781 0.996587 0.00111989 
0.000984737 0.00561013 2.35689e-11 1.79018e-11 0.993405 
0.00084809 0.00481742 7.29835e-07 2.37814e-07 0.994334 
0.000984737 0.00561013 2.35689e-11 1.79018e-11 0.993405 
0.0006313 0.501854 0.125239 0.371668 0.000608572 
0.00127819 0.00126853 0.00126154 0.502092 0.4941 
0.000467704 0.699163 5.53254e-08 4.20226e-08 0.300369 
0.000107776 0.000377101 9.39411e-08 0.9995 1.48878e-05 
4.44443e-06 3.66249e-06 0.996689 0.00330202 8.18245e-07 
0.203127 0.201593 0.200482 0.198982 0.195815 
2.73566e-06 2.25436e-06 0.998542 0.00145218 5.0365e-07 
0.00354429 0.00292073 0.993529 4.68716e-06 1.62724e-06 
6.14702e-07 0.00040575 0.842373 0.156926 0.000294355 
0.090233 2.16359e-07 1.83308e-07 0.909767 4.83371e-08 
0.0957218 0.90377 3.62859e-07 0.000487449 2.03915e-05 
0.0829569 0.349572 0.000102218 0.507367 0.0600027 
0.997005 0.000474441 0.0019102 0.000610047 2.01093e-07 
0.711923 0.287583 0.000491738 1.24705e-06 4.32936e-07 
0.00250179 0.00248289 0.990153 0.00245073 0.00241172 
0.000236219 0.999517 5.57738e-07 0.0002457 1.47072e-07 
0.00132942 0.988985 0.00370576 0.00597929 6.10358e-07 
0.891836 8.3602e-07 0.000121693 0.108041 1.86777e-07 
0.000107722 0.0102071 0.989612 7.33551e-05 5.79828e-08 
1.83052e-06 1.50847e-06 0.999995 9.70736e-07 3.3701e-07 
0.00248816 0.99022 0.00245576 0.00243738 0.00239858 
9.49388e-05 0.962332 4.71273e-07 0.0375595 1.31401e-05 
0.00159161 0.952192 0.000873363 0.0453432 3.1064e-07 
0.000107722 0.0102071 0.989612 7.33551e-05 5.79828e-08 
0.0013348 0.991202 0.00163 0.00583335 3.06796e-07 
0.999628 9.33855e-07 0.000370109 6.00958e-07 2.08634e-07 
0.00216847 0.994199 0.00235462 0.00127765 2.2167e-07 
0.000388736 0.617669 0.000383674 0.381184 0.000374742 
3.4877e-05 7.46571e-05 0.977484 0.0224066 6.25053e-08 
0.00100783 0.601134 0.000994707 0.395892 0.000971549 
0.000388736 0.617669 0.000383674 0.381184 0.000374742 
0.00167473 0.00166208 0.993408 0.00164056 0.00161444 
7.13329e-07 5.87828e-07 4.98031e-07 0.999946 5.26624e-05 
0.00101421 0.00100655 0.201201 0.7958 0.000977694 
0.0291055 0.970548 5.37376e-07 0.000331952 1.39539e-05 
0.253781 0.000419075 0.000416765 0.744976 0.000407062 
6.84657e-07 5.64201e-07 0.0552442 0.944733 2.16362e-05 
0.00101421 0.00100655 0.201201 0.7958 0.000977694 
1.24496e-06 0.000665018 0.000985343 0.998304 4.39475e-05 
0.202791 0.20126 0.000995773 0.59398 0.00097259 
0.309134 0.669815 1.98813e-07 9.07562e-05 0.0209598 
3.98396e-07 0.0122145 0.987757 2.82792e-05 7.33468e-08 
9.91036e-07 0.00065416 0.999134 0.000210746 1.82455e-07 
5.89201e-06 0.00194702 0.993044 0.00500244 1.08475e-06 
0.389449 0.000386121 0.384377 0.000381119 0.225406 
0.000225486 0.999773 9.78049e-07 7.42882e-07 2.57906e-07 
0.000846088 0.000839698 0.167849 0.829649 0.000815628 
8.51244e-07 7.01479e-07 0.999998 4.51419e-07 1.56719e-07 
0.00494269 0.00490536 0.980545 0.00484182 0.00476475 
0.000392832 0.000389865 0.000387716 0.846975 0.151854 
0.161933 0.0561955 0.10244 0.582979 0.0964525 
0.00433736 0.00535906 0.0121012 0.33132 0.646882 
0.00101421 0.00100655 0.201201 0.7958 0.000977694 
0.00445524 0.00560319 0.344288 1.74138e-05 0.645636 
0.202791 0.20126 0.000995773 0.59398 0.00097259 
0.00256067 0.00254133 0.00252733 0.00250841 0.989862 
3.71532e-07 0.000122773 0.810299 0.189578 6.84011e-08 
0.00618371 6.36176e-06 0.867785 0.0114671 0.114557 
5.04922e-05 0.00904752 0.99086 2.38997e-05 1.85601e-05 
0.000388736 0.617669 0.000383674 0.381184 0.000374742 
0.00248816 0.99022 0.00245576 0.00243738 0.00239858 
0.000422341 0.25191 0.583992 0.000413722 0.163262 
0.000910426 0.0011998 0.000254755 0.997593 4.21906e-05 
0.0813783 0.121095 0.140482 0.656947 9.79383e-05 
0.0379643 5.38402e-07 0.884799 0.0770743 0.000162194 
0.502969 0.000415629 0.413752 0.0824594 0.000403715 
0.000149229 0.266732 0.235805 0.49717 0.000143857 
0.998042 7.59839e-07 6.43765e-07 0.00195639 1.69757e-07 
0.00125175 0.99508 0.00123545 0.0012262 0.00120668 
6.89396e-07 0.899835 0.0997217 0.00044266 1.26922e-07 
0.00134257 1.38123e-06 0.000235217 0.998359 6.20251e-05 
0.999651 0.000152569 1.29133e-07 0.000196265 3.40515e-08 
1.68522e-06 1.38873e-06 0.00212576 0.997871 3.10259e-07 
1.5624e-06 0.000393468 0.999351 0.000253206 2.87646e-07 
0.995126 0.00123297 0.00122618 0.001217 0.00119763 
0.0172363 0.000156548 0.981936 1.66389e-05 0.000654468 
0.999335 1.70995e-06 1.44874e-06 0.000661337 3.82024e-07 
6.16359e-07 0.999824 4.30329e-07 0.00013674 3.86106e-05 
0.336366 6.42546e-06 0.338085 0.325441 0.000101731 
0.00039029 0.000387342 0.539674 0.459172 0.000376239 
0.0813783 0.121095 0.140482 0.656947 9.79383e-05 
0.000220738 0.000219071 0.566664 0.432683 0.000212791 
1.34412e-06 1.10764e-06 0.000376313 0.999621 2.4746e-07 
1.11913e-06 9.22232e-07 0.0009384 0.999059 2.06038e-07 
0.00039029 0.000387342 0.539674 0.459172 0.000376239 
0.000302953 1.38619e-07 1.17444e-07 0.999697 3.09691e-08 
0.314679 0.000173405 0.000172449 0.684807 0.000168435 
2.20351e-05 0.00548777 0.337557 0.0045989 0.652334 
0.996096 0.000987583 0.00098214 0.00097479 0.000959274 
0.000416223 0.000797756 8.36034e-07 0.998785 2.20457e-07 
0.000699827 0.000453169 0.998635 0.000212127 4.59986e-08 
0.314679 0.000173405 0.000172449 0.684807 0.000168435 
0.996096 0.000987583 0.00098214 0.00097479 0.000959274 
0.00298979 0.989617 3.47323e-06 0.00738932 9.15869e-07 
5.80969e-06 4.78755e-06 0.00811648 0.991444 0.000428908 
1.56854e-06 1.29258e-06 1.09512e-06 0.999996 2.88777e-07 
0.00623076 0.000391973 4.56938e-07 0.993361 1.5553e-05 
0.861405 5.1548e-07 4.36735e-07 0.138594 1.15164e-07 
0.0785037 1.15975e-06 4.4572e-05 0.921439 1.17534e-05 
0.00168726 0.00167452 0.00166529 0.993346 0.00162652 
0.000362542 7.45031e-07 0.000758092 0.998878 1.66449e-07 
0.000922632 7.59545e-07 6.43517e-07 0.999076 1.69691e-07 
0.00125864 0.00124914 0.995046 0.00123296 0.00121333 
0.00251106 0.0024921 0.498152 0.494424 0.00242066 
0.000137747 0.000170198 0.999641 9.11961e-08 5.06884e-05 
0.00491611 0.980677 0.00485209 0.00481578 0.00473912 
0.0811743 0.392562 0.0360185 0.22654 0.263705 
0.000493306 1.26625e-06 1.07281e-06 0.999504 2.82895e-07 
0.00128846 0.00127873 0.00127168 0.00126217 0.994899 
0.00252042 0.00250138 0.0024876 0.990061 0.00242968 
0.203127 0.201593 0.200482 0.198982 0.195815 
0.980856 0.00484303 0.00481633 0.00478029 0.0047042 
0.000629843 0.750729 0.000621641 0.247413 0.000607169 
0.990312 0.00245095 0.00243745 0.00241921 0.0023807 
0.00127908 0.255154 0.00126242 0.00125298 0.741052 
0.0083179 0.000523462 4.67934e-05 0.96951 0.0216014 
0.000538065 0.000554114 9.42682e-05 0.998789 2.48579e-05 
4.58512e-07 3.77843e-07 0.999999 2.43151e-07 8.44145e-08 
0.000721143 0.000715697 0.997162 0.000706426 0.000695181 
0.000840836 0.000834486 0.99669 0.000823677 0.000810566 
0.00240449 0.000405712 0.161972 0.834884 0.000333423 
0.000272383 0.000336551 0.998201 0.00119037 6.26059e-08 
0.420712 0.000417116 0.166342 0.412124 0.000405159 
0.00140198 0.000907934 0.158407 0.839283 1.8232e-07 
0.00250179 0.00248289 0.990153 0.00245073 0.00241172 
5.94303e-06 4.89743e-06 0.999985 3.15162e-06 1.09414e-06 
0.0813783 0.121095 0.140482 0.656947 9.79383e-05 
0.000891715 0.00110178 0.997678 5.90363e-07 0.000328134 
0.000388736 0.617669 0.000383674 0.381184 0.000374742 
0.00480775 0.995184 4.1906e-06 3.18299e-06 1.10504e-06 
0.798275 0.198804 0.000983621 0.00097626 0.00096072 
0.000145239 0.931736 0.0055047 0.0626142 1.83565e-07 
0.000721143 0.000715697 0.997162 0.000706426 0.000695181 
8.64542e-07 0.117734 0.882264 4.58471e-07 1.59167e-07 
0.000721143 0.000715697 0.997162 0.000706426 0.000695181 
0.628502 0.00062313 0.000619696 0.36965 0.000605268 
0.000559851 0.778429 0.000552561 0.219918 0.000539696 
0.000425545 0.169355 0.252422 0.167161 0.410636 
0.994587 2.2691e-06 0.00384688 0.00146168 0.000101896 
0.00010012 0.999898 8.70061e-07 6.60859e-07 2.2943e-07 
0.683719 0.315651 4.80075e-07 0.000603861 2.52685e-05 
5.05253e-06 0.00250233 0.993366 0.00375381 0.00037301 
0.998103 0.000171853 0.000145601 0.00154112 3.83939e-05 
6.72585e-07 5.54253e-07 9.43866e-05 0.999904 1.23827e-07 
0.000672675 6.92043e-07 0.000117852 0.999178 3.10767e-05 
0.0236229 0.0189911 0.00562358 0.951762 1.49057e-07 
6.72585e-07 5.54253e-07 9.43866e-05 0.999904 1.23827e-07 
0.000698087 8.26007e-07 0.999162 0.000139294 1.8454e-07 
0.000107776 0.000377101 9.39411e-08 0.9995 1.48878e-05 
0.000840836 0.000834486 0.99669 0.000823677 0.000810566 
0.000175143 0.172324 6.98252e-07 0.827475 2.42296e-05 
0.0156224 0.212876 0.0166231 0.754879 1.19956e-07 
0.977988 0.0024685 5.60474e-05 0.0194807 6.35631e-06 
0.00491611 0.980677 0.00485209 0.00481578 0.00473912 
7.79503e-05 0.141812 5.81045e-05 0.858002 4.94046e-05 
1.79937e-06 0.999595 1.25628e-06 0.000401906 3.31274e-07 
0.0813783 0.121095 0.140482 0.656947 9.79383e-05 
2.15194e-06 0.998397 1.50244e-06 0.0015988 3.96185e-07 
0.000144273 0.807617 0.169302 0.0105963 0.0123406 
0.138803 0.111326 0.744976 0.00479108 0.000103462 
0.00491611 0.980677 0.00485209 0.00481578 0.00473912 
1.33278e-06 0.835435 9.30515e-07 0.164344 0.000219065 
0.113413 0.000559984 0.000556898 0.884926 0.000543933 
0.00248816 0.99022 0.00245576 0.00243738 0.00239858 
0.000388943 0.000386006 0.998469 0.000381006 0.000374941 
0.000149776 0.0640143 0.0291927 0.906643 1.69382e-07 
1.03297e-05 0.0012459 7.21199e-06 5.4779e-06 0.998731 
2.73804e-06 2.25632e-06 0.999412 0.00058225 5.04089e-07 
0.00375116 1.93079e-06 1.63584e-06 0.996245 4.31361e-07 
0.619459 0.000383997 0.000381881 0.379402 0.00037299 
0.999731 0.000103122 2.17876e-07 0.000165654 5.74527e-08 
0.000717178 0.997181 0.000707839 0.000702543 0.00069136 
0.000726558 0.000721071 0.000717097 0.997135 0.000700402 
0.000305606 0.00895866 0.0108878 0.979848 3.33063e-07 
0.00063602 0.000631217 0.000627738 0.997492 0.000613123 
0.884681 0.000154977 0.115087 6.40117e-07 7.62225e-05 
0.999731 0.000103122 2.17876e-07 0.000165654 5.74527e-08 
0.233683 3.57392e-06 0.036129 0.730164 1.9866e-05 
0.944162 9.56536e-05 0.000332017 0.0554097 1.29894e-07 
0.00168772 0.00167498 0.667964 0.00165328 0.32702 
1.89134e-06 0.999995 1.32049e-06 1.00299e-06 3.48206e-07 
0.0392883 0.000193988 0.424616 0.498028 0.0378739 
1.83496e-07 1.51212e-07 1 9.73086e-08 3.37826e-08 
0.00126808 0.0012585 0.00125156 0.994999 0.00122242 
