0.000264278 4.51006e-07 7.40057e-07 1.24058e-06 0.000655039 6.88879e-07 1.26845e-06 8.01965e-07 0.999075 
4.68386e-07 4.17661e-07 6.85341e-07 0.000262741 0.00554207 0.00023374 0.0443683 0.000149565 0.949442 
0.00163968 0.00163897 0.00164269 0.00164906 0.00164391 0.986852 0.00164941 0.00164347 0.00164074 
2.36981e-07 2.11316e-07 0.025699 0.0240453 0.745464 0.00458904 0.000447174 0.188929 0.0108256 
3.86725e-05 3.86558e-05 0.34098 3.88938e-05 0.147374 0.24015 0.0233801 0.155086 0.0929128 
1.13939e-07 1.01599e-07 0.15212 2.79469e-07 0.113097 0.0387934 0.356933 0.00282205 0.336234 
0.00123292 0.00123238 0.00123518 0.00123997 0.990115 0.00123467 0.00124024 0.00123577 0.00123371 
8.36851e-07 7.46222e-07 1.22448e-06 2.05263e-06 0.999306 0.000685018 2.09874e-06 1.32691e-06 9.73494e-07 
0.000355315 0.000355162 0.142743 0.000357349 0.570329 0.000355822 0.000357425 0.000356137 0.284791 
0.110864 0.110817 0.111068 0.111499 0.11115 0.111023 0.111523 0.111121 0.110936 
0.000619967 0.000619699 0.000621104 0.000623515 0.622189 0.000620852 0.000623648 0.373462 0.000620368 
0.0987696 1.4126e-06 2.31793e-06 3.88562e-06 2.61932e-06 0.000191879 0.00272412 0.57955 0.318754 
9.88148e-07 8.81134e-07 0.000583641 0.000174649 0.719678 0.000415764 0.000589463 0.00167158 0.276885 
0.0501498 5.54816e-07 9.10398e-07 1.52613e-06 1.02877e-06 8.4744e-07 1.56041e-06 0.949264 0.000579757 
0.963285 1.80994e-06 2.96994e-06 4.9786e-06 3.35611e-06 0.000261737 5.09044e-06 0.0356156 0.000819088 
0.00244049 0.00243944 0.980432 0.00245446 0.00244679 0.00244397 0.00245498 0.00244614 0.00244207 
2.06323e-07 1.83979e-07 0.234515 5.06069e-07 0.190667 0.0798503 0.00393682 0.48584 0.0051903 
6.35255e-07 0.627332 0.107681 0.000183218 0.00171547 0.023149 0.000930301 0.000440115 0.238568 
0.00164094 0.00164023 0.00164395 0.00165033 0.00164517 0.00164328 0.00165068 0.00164473 0.986841 
1.49989e-07 1.33746e-07 0.0757167 3.67893e-07 3.48285e-05 0.850186 3.76158e-07 4.44531e-05 0.0740172 
4.14153e-08 7.42294e-06 0.000206097 6.10515e-05 0.000123329 0.000146717 0.000207835 0.709883 0.289365 
8.28678e-07 7.38934e-07 0.99999 2.03258e-06 1.37018e-06 1.12867e-06 2.07824e-06 1.31395e-06 9.63986e-07 
0.00123292 0.00123238 0.00123518 0.00123997 0.990115 0.00123467 0.00124024 0.00123577 0.00123371 
0.000826131 0.000825774 0.000827645 0.000830859 0.000828263 0.00082731 0.000831036 0.332045 0.662158 
2.18241e-07 1.94606e-07 0.99752 5.35301e-07 3.6085e-07 0.000238094 0.0010952 0.000484804 0.000660331 
2.83101e-06 2.52442e-06 0.999964 6.94391e-06 4.68094e-06 3.85587e-06 7.09991e-06 4.48885e-06 3.29327e-06 
0.274428 0.000171336 0.000171724 0.000172391 0.000171852 0.000171655 0.72437 0.000171807 0.000171521 
6.1524e-07 5.48611e-07 0.000931643 1.50906e-06 1.01727e-06 8.37962e-07 1.54296e-06 0.000505276 0.998557 
5.05814e-05 2.24396e-07 3.68211e-07 6.17244e-07 0.999947 3.42748e-07 6.3111e-07 3.99013e-07 2.92738e-07 
0.000171772 0.000171698 0.447598 0.000172755 0.51682 0.000172017 0.000172792 0.000172169 0.0345485 
9.60283e-05 1.86939e-07 3.82849e-05 5.14211e-07 0.934119 0.065694 5.25763e-07 5.09755e-05 2.43874e-07 
1.30166e-07 1.1607e-07 1.90459e-07 3.19272e-07 2.15223e-07 3.56348e-05 3.26444e-07 0.999842 0.000121287 
4.08781e-05 4.08605e-05 0.139282 0.0247083 0.0738115 0.106476 0.0822829 0.368795 0.204563 
0.357103 4.64754e-07 0.000862142 1.2784e-06 0.000730899 0.00270682 0.309095 0.1956 0.1339 
2.36468e-07 2.10859e-07 0.997656 5.8001e-07 0.00117336 0.000193565 5.9304e-07 0.000975232 2.7508e-07 
3.15777e-07 2.81579e-07 0.999402 7.74537e-07 5.22121e-07 4.30091e-07 7.91938e-07 0.000300917 0.000294237 
0.000237197 0.000237094 0.523028 0.000238554 0.000237809 0.475308 0.000238605 0.000237746 0.00023735 
0.00244333 0.00244227 0.00244781 0.00245731 0.00244963 0.00244681 0.00245783 0.00244898 0.980406 
7.16506e-05 1.30697e-07 0.26676 3.59507e-07 0.000118471 0.00043845 3.67584e-07 0.112672 0.619938 
0.000210091 1.16423e-06 0.00132565 3.20245e-06 2.1588e-06 1.77828e-06 3.2744e-06 0.99835 0.000103067 
0.000825112 0.000824756 0.000826625 0.000829834 0.497172 0.00082629 0.000830011 0.49704 0.000825646 
0.000262056 0.000261942 0.84038 0.000263555 0.0528092 0.105234 0.000263611 0.000262662 0.000262225 
0.00244146 0.00244041 0.00244594 0.00245543 0.00244776 0.980423 0.00245596 0.00244711 0.00244304 
1.22215e-07 1.08979e-07 0.00950293 2.99768e-07 0.878226 0.111998 0.000102801 0.000169483 1.4217e-07 
4.13036e-07 0.000100087 0.206493 0.000321656 0.792453 0.000487963 1.03585e-06 0.000142508 4.80478e-07 
6.98459e-08 6.22818e-08 0.196548 1.71318e-07 1.15487e-07 9.51308e-08 1.75167e-07 0.000177307 0.803274 
0.00244146 0.00244041 0.00244594 0.00245543 0.00244776 0.980423 0.00245596 0.00244711 0.00244304 
1.65545e-05 2.9221e-05 0.94807 8.31733e-07 0.000483165 0.000398003 0.000204184 0.000823294 0.0499752 
1.08547e-07 9.67916e-08 0.494017 2.66244e-07 2.12368e-05 0.000112895 5.67571e-05 0.15557 0.350222 
1.07243e-07 9.56284e-08 1.56917e-07 2.63044e-07 0.000212962 0.000146211 0.000484387 0.000306248 0.99885 
0.000446224 6.56317e-05 0.726066 8.36573e-07 0.13234 0.138656 0.00233129 9.34716e-05 3.96759e-07 
7.48194e-06 1.30738e-05 0.937806 7.41354e-07 0.000214182 0.00017643 9.07878e-05 0.0545165 0.00717473 
0.00010041 2.68581e-07 4.40715e-07 7.38785e-07 4.9802e-07 0.89432 0.105577 4.77583e-07 3.50381e-07 
0.110864 0.110817 0.111068 0.111499 0.11115 0.111023 0.111523 0.111121 0.110936 
0.985304 1.5639e-06 0.00359525 4.3018e-06 2.89987e-06 2.38874e-06 0.000884087 2.78087e-06 0.010203 
8.57134e-07 0.00045935 0.00526871 0.759378 1.41723e-06 0.234887 2.14961e-06 1.35907e-06 9.97088e-07 
1.55113e-07 1.38315e-07 0.0142644 6.06624e-05 0.00814328 2.11265e-07 0.153697 0.748028 0.0758061 
7.91626e-05 0.0792075 0.253865 7.96156e-05 0.349293 0.253761 7.96326e-05 0.0635559 7.92138e-05 
0.00245275 3.93594e-07 0.0289006 1.17903e-05 0.0690288 0.458184 0.0800465 0.0275362 0.333839 
5.3924e-08 4.80841e-08 6.32001e-05 1.32265e-07 0.000285404 0.999497 1.35236e-07 0.000153989 6.27288e-08 
0.498295 0.000355518 0.499209 0.000357707 0.000356589 0.000356179 0.000357783 0.000356494 0.000355901 
0.000366762 8.15568e-07 0.000804297 2.24338e-06 1.51228e-06 0.99882 2.29378e-06 1.45022e-06 1.06396e-06 
3.86932e-07 3.45028e-07 0.113911 9.49066e-07 0.00102428 5.27005e-07 9.70387e-07 0.885061 4.50111e-07 
0.000355291 0.14241 0.213921 0.000357325 0.641531 0.000355798 0.000357401 0.000356113 0.000355521 
0.000988887 0.00098846 0.199131 0.000994547 0.000991439 0.000990299 0.000994759 0.793931 0.000989527 
0.000236415 0.000236313 0.237085 0.000237768 0.000237025 0.000236753 0.761257 0.000236962 0.000236568 
2.01493e-07 7.20481e-05 0.993203 0.000198182 0.00186602 0.00219575 0.00101115 3.19486e-07 0.00145347 
3.45974e-07 2.24608e-05 0.047587 0.000194431 0.284929 0.369378 0.294986 0.00290197 4.02465e-07 
0.980392 0.00244381 0.00244935 0.00245886 0.00245118 0.00244836 0.00245938 0.00245052 0.00244645 
0.00123214 0.00123161 0.0012344 0.00123919 0.00123532 0.0012339 0.249131 0.74223 0.00123294 
1.16024e-07 3.09957e-05 0.0561627 2.84584e-07 0.943241 7.49669e-05 2.90977e-07 1.83967e-07 0.000489161 
6.17998e-07 0.000211701 0.00110963 1.51582e-06 0.00172374 0.996649 1.54988e-06 0.000301348 7.18906e-07 
7.91602e-05 7.9126e-05 0.0635236 7.96132e-05 0.254046 0.539136 7.96302e-05 0.142897 7.92114e-05 
0.00244146 0.00244041 0.00244594 0.00245543 0.00244776 0.980423 0.00245596 0.00244711 0.00244304 
9.05488e-09 8.07426e-09 0.710668 0.00500774 3.41362e-05 0.268151 0.0091223 3.44574e-05 0.00698262 
0.000311006 0.000310872 0.68578 0.000312786 0.000311809 0.00031145 0.000312853 0.312038 0.000311208 
1.72601e-07 1.53908e-07 0.0695501 2.30845e-05 9.00563e-05 0.108021 0.00233649 0.72548 0.0944988 
0.568037 0.000708853 0.426986 0.000713218 0.000710989 0.000710171 0.00071337 0.0007108 0.000709618 
2.07516e-05 3.5998e-05 0.164202 2.77936e-06 0.000585758 0.163389 0.0166933 0.654887 0.000183893 
3.62979e-07 3.23669e-07 0.277665 8.90315e-07 0.722247 4.94381e-07 9.10316e-07 5.75539e-07 8.48717e-05 
3.86725e-05 3.86558e-05 0.34098 3.88938e-05 0.147374 0.24015 0.0233801 0.155086 0.0929128 
3.38082e-07 3.01468e-07 0.0335985 8.29247e-07 0.965888 5.0793e-05 0.000278885 0.000165641 1.65216e-05 
6.81665e-07 0.0014793 0.27623 0.00406908 0.000750496 0.716477 0.000407646 1.08085e-06 0.0005845 
0.000207448 0.000207359 0.415865 0.000208636 0.457772 0.000207744 0.0419447 0.0833792 0.000207582 
0.00163782 0.00163711 0.00164082 0.00164719 0.986869 0.00164016 0.00164754 0.00164161 0.00163888 
0.202214 1.39562e-05 0.258001 2.58532e-06 0.48352 0.0406382 9.41642e-05 0.000371995 0.0151431 
0.498295 0.000355518 0.499209 0.000357707 0.000356589 0.000356179 0.000357783 0.000356494 0.000355901 
2.2908e-07 2.04271e-07 0.076413 5.61887e-07 3.78772e-07 0.623242 0.22067 3.63228e-07 0.0796723 
2.19973e-07 1.9615e-07 0.560928 0.00164011 0.00148008 0.337102 0.000986786 0.0108328 0.0870296 
3.65423e-05 0.594595 0.239097 0.000192596 0.0776639 0.0716521 0.000453441 0.0159729 0.000336191 
0.000757843 8.43657e-07 0.999231 2.32064e-06 1.56436e-06 1.28862e-06 2.37278e-06 1.50016e-06 1.1006e-06 
2.71331e-07 2.41946e-07 0.000329659 5.78968e-05 0.00211277 0.586303 0.216715 0.171591 0.0228907 
0.288915 0.548699 2.12825e-06 0.161095 0.00128003 2.12739e-06 2.13697e-06 2.12927e-06 2.12573e-06 
7.3047e-08 6.51361e-08 0.000940668 1.7917e-07 0.000459084 0.864336 0.0001101 0.0931448 0.0410087 
0.000311006 0.000310872 0.68578 0.000312786 0.000311809 0.00031145 0.000312853 0.312038 0.000311208 
0.00163507 0.00163437 0.00163807 0.659415 0.00163929 0.329118 0.00164478 0.00163886 0.00163613 
7.91626e-05 0.0792075 0.253865 7.96156e-05 0.349293 0.253761 7.96326e-05 0.0635559 7.92138e-05 
2.16773e-06 1.93297e-06 0.00104137 0.000968067 3.58423e-06 0.00160676 0.00394296 3.43715e-06 0.99243 
3.00496e-06 5.20281e-06 0.727739 4.29751e-07 8.45088e-05 0.0080394 0.00138068 0.259115 0.0036326 
0.000216577 0.000144902 0.998869 0.00039858 4.47064e-07 0.000368632 6.78094e-07 4.28718e-07 3.14532e-07 
4.14784e-07 3.69864e-07 0.000276136 1.01738e-06 0.899719 0.000120065 1.04024e-06 0.0998811 4.82511e-07 
1.09375e-07 0.00057849 0.0573472 1.8412e-05 0.493183 0.19068 0.244977 0.0130824 0.000133505 
1.64142e-07 5.37007e-05 0.457226 0.211111 0.038136 0.240342 0.0295807 0.0197034 0.00384668 
1.37475e-07 0.00222732 0.371682 0.00357705 0.0255311 0.451848 8.67742e-05 0.0957009 0.0493472 
0.000276526 0.000276407 0.60975 0.000278109 0.00027724 0.000276921 0.000278168 0.38831 0.000276705 
1.97277e-07 1.75912e-07 0.707426 3.19283e-05 0.000150128 0.0679015 4.94752e-07 3.12802e-07 0.22449 
0.000237032 0.00023693 0.190211 0.000238389 0.427997 0.00023737 0.00023844 0.380367 0.000237186 
0.996344 1.58142e-06 0.00363553 4.35e-06 2.93236e-06 2.4155e-06 4.44772e-06 2.81203e-06 2.06306e-06 
1.34217e-07 1.19682e-07 0.284721 0.00102416 0.0184733 0.176864 0.0638698 0.0409516 0.414096 
0.00477366 0.0047716 0.00478242 0.00480098 0.00478598 0.00478048 0.00480201 0.961726 0.00477675 
3.86725e-05 3.86558e-05 0.34098 3.88938e-05 0.147374 0.24015 0.0233801 0.155086 0.0929128 
5.00541e-07 4.46334e-07 0.00190494 1.22773e-06 0.995965 6.81742e-07 0.00200975 7.93657e-07 0.000117036 
6.68734e-08 2.27235e-05 0.969456 6.25051e-05 2.19452e-05 0.0302781 1.67712e-07 0.000104799 5.38438e-05 
4.04483e-07 3.60678e-07 0.996299 0.000397837 0.000936978 0.00110237 0.000406776 0.000385449 0.000470998 
3.86725e-05 3.86558e-05 0.34098 3.88938e-05 0.147374 0.24015 0.0233801 0.155086 0.0929128 
0.248923 1.80552e-06 0.0016457 4.96643e-06 3.3479e-06 0.748342 5.078e-06 3.21052e-06 0.00107092 
0.368568 2.27819e-07 0.629304 6.26661e-07 4.22436e-07 3.47977e-07 0.000256936 0.00121571 0.000654148 
0.775412 6.64199e-07 0.124189 1.82701e-06 1.2316e-06 0.00030662 0.0113454 1.18106e-06 0.0887419 
0.568037 0.000708853 0.426986 0.000713218 0.000710989 0.000710171 0.00071337 0.0007108 0.000709618 
4.08781e-05 4.08605e-05 0.139282 0.0247083 0.0738115 0.106476 0.0822829 0.368795 0.204563 
0.000138776 2.72064e-07 0.0856355 7.48364e-07 5.04477e-07 0.0164733 0.0394247 0.0480665 0.81026 
4.56335e-07 9.45594e-05 0.39642 1.1193e-06 0.000768921 0.602579 1.14444e-06 0.000134659 5.30846e-07 
0.993069 5.50009e-06 0.00542409 1.51291e-05 1.01986e-05 8.40099e-06 1.5469e-05 9.78009e-06 0.00144222 
5.0886e-05 2.12461e-07 0.000203696 5.84415e-07 0.858106 0.141197 5.97544e-07 0.000441094 2.77169e-07 
3.22269e-07 2.87368e-07 0.000341211 0.000191187 0.756952 0.000810998 0.000844397 0.00110824 0.239751 
1.8045e-06 0.000301805 0.609129 6.87926e-05 0.154485 0.0833014 0.0268681 0.0955677 0.0302759 
1.43924e-07 1.28337e-07 0.607254 3.53016e-07 4.78322e-05 0.000588271 0.39069 0.00104997 0.000368501 
0.000216408 0.000216314 0.000216805 0.000217646 0.998265 0.000216717 0.000217693 0.000216909 0.000216548 
0.000588455 9.40259e-06 0.188284 8.69621e-07 0.474315 0.000125393 0.160129 0.0620509 0.114497 
1.60181e-07 1.42834e-07 2.34376e-07 3.92892e-07 0.265381 0.734135 0.000482464 2.53983e-07 1.86336e-07 
0.110864 0.110817 0.111068 0.111499 0.11115 0.111023 0.111523 0.111121 0.110936 
1.65129e-07 0.000215911 0.0591031 7.43225e-05 0.221439 0.711068 2.15331e-05 0.00151087 0.00656724 
4.74713e-07 4.23303e-07 0.000496042 0.420573 0.000297125 0.27486 0.000500613 0.302693 0.000579688 
0.00244146 0.00244041 0.00244594 0.00245543 0.00244776 0.980423 0.00245596 0.00244711 0.00244304 
6.00819e-07 5.35752e-07 0.000372231 0.165677 0.37749 0.456087 0.000370102 9.52657e-07 6.98922e-07 
0.000360337 1.12163e-06 1.84048e-06 3.08526e-06 0.566941 0.429134 0.000630472 1.99445e-06 0.00292544 
8.14344e-06 7.26153e-06 0.960399 1.99742e-05 1.34648e-05 0.0111025 2.0423e-05 0.0284198 9.47312e-06 
4.13499e-08 3.68718e-08 0.929858 0.000223231 0.000300896 0.000180277 1.03702e-07 2.62913e-05 0.0694107 
0.000547511 2.94551e-07 0.0156979 8.10218e-07 5.46174e-07 1.5578e-05 0.788485 5.2376e-07 0.195252 
0.000552001 0.000551763 0.000553013 0.00055516 0.000553426 0.995574 0.000555279 0.000553279 0.000552358 
1.73273e-07 1.54508e-07 0.000147197 4.25003e-07 0.101586 0.000219087 4.34551e-07 0.0279122 0.870135 
2.24187e-07 1.99908e-07 0.0250714 5.92926e-05 0.961526 0.0121736 0.000260833 0.000342121 0.000566744 
0.000551995 0.000551757 0.000553007 0.000555154 0.00055342 0.774449 0.000555272 0.111208 0.111023 
8.17738e-08 7.29179e-08 0.000957329 8.04303e-05 1.35209e-07 0.998806 4.12213e-05 1.2966e-07 0.000114247 
0.893927 4.46042e-07 0.000138778 1.22693e-06 8.27079e-07 0.000441415 0.105086 7.93138e-07 0.000403003 
0.0722056 6.00953e-05 0.0964305 6.04653e-05 0.072392 0.325177 6.04782e-05 0.204946 0.228668 
0.110864 0.110817 0.111068 0.111499 0.11115 0.111023 0.111523 0.111121 0.110936 
7.05288e-07 6.28907e-07 0.00177485 0.801933 0.00137924 0.194379 1.76879e-06 1.1183e-06 0.000529661 
0.00014665 0.000146587 0.147066 0.000147489 0.235393 0.235122 0.000147521 0.000146989 0.381684 
9.14739e-07 8.15675e-07 1.33844e-06 2.24367e-06 1.51247e-06 0.999698 2.29408e-06 0.000291532 1.0641e-06 
1.3663e-07 1.21833e-07 0.0752468 2.86362e-05 0.0226329 6.82855e-05 9.67992e-05 0.901814 0.000112011 
1.04489e-06 1.85882e-06 0.482059 1.27508e-08 0.117649 0.158103 0.0078432 0.211097 0.0232458 
0.000292786 0.000292659 0.000293323 0.000294461 0.000293541 0.469419 0.000294524 0.528527 0.000292975 
0.00244146 0.00244041 0.00244594 0.00245543 0.00244776 0.980423 0.00245596 0.00244711 0.00244304 
3.1573e-07 2.81537e-07 0.710255 7.74423e-07 0.123651 0.138247 4.98227e-05 0.000207162 0.0275888 
0.000496683 0.000496468 0.299053 0.000499525 0.000497964 0.000497391 0.000499631 0.697462 0.000497004 
1.00468e-07 8.95875e-08 0.000177331 2.46428e-07 3.53284e-05 1.36838e-07 0.112299 0.0686988 0.818789 
0.759929 3.73972e-07 7.42921e-05 1.02868e-06 7.91968e-05 0.000582567 8.52413e-05 6.64984e-07 0.239248 
1.07076e-07 9.54796e-08 0.00809061 0.000107589 0.971752 7.56243e-05 0.00115011 8.84234e-06 0.0188155 
0.999998 1.31807e-07 2.16282e-07 3.6256e-07 2.44404e-07 2.01325e-07 3.70705e-07 2.34375e-07 1.7195e-07 
7.01034e-07 6.25114e-07 1.02575e-06 1.7195e-06 1.15912e-06 0.987344 0.012465 0.000185326 8.15501e-07 
0.000355127 0.000354973 0.142667 0.000357159 0.783652 0.000355634 0.000357235 0.0715456 0.000355357 
0.110864 0.110817 0.111068 0.111499 0.11115 0.111023 0.111523 0.111121 0.110936 
0.110864 0.110817 0.111068 0.111499 0.11115 0.111023 0.111523 0.111121 0.110936 
1.01299e-05 1.82221e-07 0.00682586 5.01234e-07 3.37885e-07 5.16361e-05 0.000236929 0.878437 0.114438 
0.00014665 0.000146587 0.147066 0.000147489 0.235393 0.235122 0.000147521 0.000146989 0.381684 
0.000224579 9.96306e-07 0.00392525 2.74053e-06 1.84741e-06 1.52178e-06 2.8021e-06 0.00283633 0.993004 
5.49025e-07 7.18571e-05 0.0998913 1.34665e-06 9.07784e-07 7.47777e-07 0.105691 0.000889195 0.793453 
3.93405e-07 3.508e-07 5.75629e-07 9.64945e-07 6.50476e-07 0.000322028 9.86623e-07 0.999674 4.57641e-07 
7.45678e-08 6.64923e-08 0.760153 1.829e-07 4.94411e-05 0.000264163 1.87009e-07 0.142189 0.0973437 
0.000162619 5.55162e-07 0.994075 1.52708e-06 1.02942e-06 0.000331808 0.000274651 0.00270262 0.00245054 
0.110864 0.110817 0.111068 0.111499 0.11115 0.111023 0.111523 0.111121 0.110936 
9.90356e-07 8.83103e-07 0.000870899 2.42915e-06 1.6375e-06 0.000540899 0.996967 1.57031e-06 0.00161404 
6.64705e-07 5.92719e-07 0.00105604 1.63039e-06 8.33231e-05 0.879952 1.66702e-06 0.118701 0.000203243 
0.000124646 0.000124592 0.125 0.00012536 0.350034 0.199843 0.000125386 0.0500987 0.274524 
0.0017014 1.0829e-06 0.998284 2.97873e-06 2.00798e-06 1.65405e-06 3.04565e-06 1.92558e-06 1.41271e-06 
0.000635647 5.4344e-07 0.0017044 1.49484e-06 3.64032e-05 0.99579 0.00058602 0.000136738 0.0011088 
3.86725e-05 3.86558e-05 0.34098 3.88938e-05 0.147374 0.24015 0.0233801 0.155086 0.0929128 
8.9753e-07 8.0033e-07 1.31326e-06 2.20146e-06 1.48402e-06 1.22244e-06 0.00148427 0.998211 0.000296569 
0.000414544 0.000414365 0.000415304 0.000416917 0.000415614 0.913713 0.000417006 0.000415503 0.0833773 
0.0384774 2.14092e-08 3.51303e-08 5.88901e-08 3.96982e-08 3.27009e-08 0.961484 3.81072e-05 2.79296e-08 
2.95772e-05 1.36029e-07 0.00703325 6.67794e-05 5.9938e-05 2.07774e-07 3.82579e-07 0.992764 4.5323e-05 
8.72217e-07 7.77758e-07 1.27622e-06 2.13937e-06 1.44217e-06 1.18797e-06 0.00175214 0.998239 1.01463e-06 
0.985416 1.0677e-06 0.00158867 2.9369e-06 0.00134692 0.00498708 3.00288e-06 0.00365619 0.00299779 
2.62646e-07 2.34202e-07 7.86381e-05 6.44218e-07 0.324408 0.290987 0.000586752 3.43364e-05 0.383904 
0.000154758 4.29471e-07 4.5852e-05 1.18134e-06 7.96352e-07 6.55986e-07 1.20788e-06 0.999418 0.000376984 
7.15718e-08 6.38207e-08 0.000837893 7.03959e-05 1.1834e-07 0.998991 1.79495e-07 1.13484e-07 9.99933e-05 
0.00014665 0.000146587 0.147066 0.000147489 0.235393 0.235122 0.000147521 0.000146989 0.381684 
0.00244049 0.00243944 0.980432 0.00245446 0.00244679 0.00244397 0.00245498 0.00244614 0.00244207 
4.63413e-08 4.13226e-08 0.000596763 1.13666e-07 0.000291245 0.391782 6.98479e-05 0.529471 0.0777893 
0.000355291 0.14241 0.213921 0.000357325 0.641531 0.000355798 0.000357401 0.000356113 0.000355521 
4.4733e-07 3.98886e-07 0.0483447 1.09721e-06 0.224221 6.09268e-07 0.171158 0.13122 0.425055 
0.00341622 1.36987e-07 2.2753e-05 1.2965e-05 0.0822026 0.0805998 5.61598e-05 0.0293937 0.804296 
5.01159e-05 3.44741e-07 5.65687e-07 9.48278e-07 0.0830806 5.26567e-07 0.916314 0.000481815 7.10572e-05 
7.57437e-08 6.75408e-08 0.0622632 1.85784e-07 0.937485 0.000227063 1.89958e-07 2.41399e-05 8.81112e-08 
0.000828284 9.22074e-07 0.00423801 2.53634e-06 1.70977e-06 0.00591668 2.59332e-06 0.989008 1.2029e-06 
0.659443 3.76192e-06 6.17294e-06 1.03479e-05 0.335015 5.74605e-06 0.00550354 6.68933e-06 4.90766e-06 
1.86529e-07 3.29097e-06 0.446389 0.000670093 0.377794 0.0165178 0.028866 2.9576e-07 0.129759 
0.00123407 0.00123354 0.495771 0.00124114 0.00123726 0.49557 0.0012414 0.00123693 0.00123487 
0.000382544 0.000382379 0.23033 0.000384733 0.000383531 0.00038309 0.000384815 0.61387 0.153499 
3.86725e-05 3.86558e-05 0.34098 3.88938e-05 0.147374 0.24015 0.0233801 0.155086 0.0929128 
3.46915e-08 3.09345e-08 0.000143609 8.50912e-08 0.0251963 0.970106 8.70029e-08 0.00418264 0.000371397 
7.91602e-05 7.9126e-05 0.0635236 7.96132e-05 0.254046 0.539136 7.96302e-05 0.142897 7.92114e-05 
1.5834e-08 2.51384e-06 0.5577 0.00420429 0.0782749 0.254894 0.0102624 1.32644e-05 0.0946479 
3.06928e-05 8.95195e-08 0.369923 0.00965484 0.341063 0.0982171 0.000121747 0.00019041 0.180799 
7.75392e-05 4.93518e-08 0.998518 1.35752e-07 0.000347835 0.00046744 8.34197e-05 0.000351111 0.000154583 
0.00017801 0.000177933 0.000178336 0.000179028 0.464198 0.000178264 0.000179067 0.000178422 0.534553 
0.00244146 0.00244041 0.00244594 0.00245543 0.00244776 0.980423 0.00245596 0.00244711 0.00244304 
3.79451e-07 3.38357e-07 0.000744936 9.30716e-07 0.000115896 0.0545206 0.94359 0.000434952 0.000592246 
4.73416e-08 4.22146e-08 0.122123 1.16119e-07 0.000250565 0.87749 1.18728e-07 0.000135192 5.50717e-08 
7.75624e-06 0.000153913 0.0835634 1.78635e-05 0.0316361 0.853047 0.00488783 0.0156697 0.0110168 
3.3917e-07 3.02439e-07 0.0691338 8.31917e-07 0.000234006 0.819475 0.00141718 0.109638 0.000101182 
2.80069e-05 9.53696e-08 0.0877454 2.62333e-07 4.63081e-05 0.871563 2.68226e-07 0.000125511 0.0404908 
1.6041e-07 1.43038e-07 0.667672 0.000135135 0.135982 0.179043 0.000303458 2.54346e-07 0.0168628 
4.06794e-05 7.23672e-05 0.00213242 4.9641e-07 0.00120501 0.99361 0.000508069 0.00205409 0.000376925 
3.8925e-08 3.26202e-06 0.0757268 0.00218719 0.10786 0.770864 4.54816e-05 6.17193e-08 0.0433131 
3.37527e-07 0.000154169 0.0364132 0.000237494 4.24092e-05 0.26134 0.114848 0.473699 0.113266 
7.02039e-08 6.26009e-08 0.00530622 0.000745319 0.00263276 0.0235391 0.0247814 0.858102 0.0848928 
2.86112e-07 8.47006e-05 0.194851 0.000128609 0.0418171 0.460982 7.17542e-07 4.53659e-07 0.302135 
0.986831 0.00164127 0.00164499 0.00165137 0.00164621 0.00164432 0.00165173 0.00164578 0.00164304 
0.405591 1.28432e-06 0.59346 3.53278e-06 0.000478676 1.96171e-06 3.61214e-06 0.000459032 1.67548e-06 
4.46474e-07 3.98122e-07 6.53279e-07 1.09511e-06 0.000443672 0.00060871 1.11971e-06 0.000283879 0.99866 
0.00163968 0.00163897 0.00164269 0.00164906 0.00164391 0.986852 0.00164941 0.00164347 0.00164074 
0.000101739 0.000101695 0.244723 0.000102321 0.000102002 0.000101884 0.0615082 0.469186 0.224073 
0.000249009 0.000248902 0.499181 0.000250434 0.000249652 0.299487 0.000250488 0.150001 0.0500833 
3.95273e-07 0.00663743 0.450303 0.000230103 0.000767283 0.208554 3.74162e-05 0.325905 0.00756537 
0.000355262 0.000355108 0.498634 0.000357295 0.000356179 0.000355769 0.000357371 0.498873 0.000355492 
3.49601e-07 3.1174e-07 0.0184584 8.35335e-05 0.000167776 0.000199415 0.000282656 0.100002 0.880805 
0.000124646 0.000124592 0.125 0.00012536 0.350034 0.199843 0.000125386 0.0500987 0.274524 
0.000226076 0.000225978 0.00022649 0.091175 0.000226659 0.271904 0.364096 0.000226599 0.271693 
0.00243871 0.00243765 0.00244318 0.00245266 0.980448 0.00244219 0.00245319 0.00244435 0.00244029 
2.67623e-06 2.3864e-06 3.91585e-06 6.56427e-06 4.42502e-06 3.64506e-06 6.71174e-06 4.24343e-06 0.999965 
2.84717e-07 2.53883e-07 0.000194732 0.000130993 2.24289e-05 3.87787e-07 0.00139954 0.793787 0.204464 
3.86725e-05 3.86558e-05 0.34098 3.88938e-05 0.147374 0.24015 0.0233801 0.155086 0.0929128 
6.14444e-07 5.47901e-07 0.0560822 1.50711e-06 1.01595e-06 0.00045065 0.000167191 0.194447 0.748849 
0.110864 0.110817 0.111068 0.111499 0.11115 0.111023 0.111523 0.111121 0.110936 
1.72879e-06 1.54156e-06 2.52956e-06 0.00254846 0.00343302 0.00188606 4.33563e-06 0.990109 0.00201308 
0.110864 0.110817 0.111068 0.111499 0.11115 0.111023 0.111523 0.111121 0.110936 
2.53648e-08 9.06974e-06 0.000311792 2.49481e-05 0.89287 0.0555586 0.0510428 4.02184e-08 0.00018297 
3.86725e-05 3.86558e-05 0.34098 3.88938e-05 0.147374 0.24015 0.0233801 0.155086 0.0929128 
1.686e-06 1.50341e-06 2.46695e-06 0.998289 2.78771e-06 2.29635e-06 0.00169556 2.67332e-06 1.96129e-06 
0.000276525 0.000276405 0.0556834 0.000278107 0.499306 0.443347 0.000278166 0.000277164 0.000276703 
3.86725e-05 3.86558e-05 0.34098 3.88938e-05 0.147374 0.24015 0.0233801 0.155086 0.0929128 
0.000310867 0.000310733 0.000311437 0.000312646 0.872983 0.124836 0.000312713 0.000311586 0.000311068 
0.110864 0.110817 0.111068 0.111499 0.11115 0.111023 0.111523 0.111121 0.110936 
4.08781e-05 4.08605e-05 0.139282 0.0247083 0.0738115 0.106476 0.0822829 0.368795 0.204563 
1.03674e-06 9.24466e-07 1.51696e-06 2.54292e-06 0.904801 0.000523394 2.60005e-06 0.000457396 0.0942093 
3.86725e-05 3.86558e-05 0.34098 3.88938e-05 0.147374 0.24015 0.0233801 0.155086 0.0929128 
0.214504 0.2988 7.81942e-10 0.486557 0.000136597 7.27868e-10 1.34024e-09 1.002e-06 9.79962e-07 
0.00123407 0.00123354 0.495771 0.00124114 0.00123726 0.49557 0.0012414 0.00123693 0.00123487 
0.0485415 0.876422 8.55896e-11 0.0750347 1.59043e-06 7.96708e-11 1.467e-10 9.27495e-11 6.80462e-11 
7.97582e-07 7.11206e-07 0.00138329 1.95631e-06 0.048416 0.174983 2.00026e-06 0.691031 0.0841805 
0.50911 0.364208 2.18953e-11 0.126681 1.56687e-06 2.03811e-11 3.75283e-11 2.37269e-11 1.74074e-11 
4.61699e-07 4.11698e-07 6.75556e-07 1.13246e-06 0.612093 6.28839e-07 0.000232737 7.32069e-07 0.38767 
3.86373e-07 3.44529e-07 5.65339e-07 9.47695e-07 0.998647 5.26243e-07 9.68985e-07 6.12631e-07 0.00134883 
0.50911 0.364208 2.18953e-11 0.126681 1.56687e-06 2.03811e-11 3.75283e-11 2.37269e-11 1.74074e-11 
0.50911 0.364208 2.18953e-11 0.126681 1.56687e-06 2.03811e-11 3.75283e-11 2.37269e-11 1.74074e-11 
6.06452e-08 5.40775e-08 0.0211377 0.00144786 0.0252856 4.84794e-05 0.0501931 0.375507 0.52638 
0.110864 0.110817 0.111068 0.111499 0.11115 0.111023 0.111523 0.111121 0.110936 
7.51837e-07 6.70415e-07 1.10008e-06 0.000333386 0.036695 0.000341224 0.962626 1.19211e-06 8.74599e-07 
0.50911 0.364208 2.18953e-11 0.126681 1.56687e-06 2.03811e-11 3.75283e-11 2.37269e-11 1.74074e-11 
1.22743e-07 1.0945e-07 0.00765881 0.000804385 0.111194 0.139426 0.0111703 0.669914 0.059832 
0.50911 0.364208 2.18953e-11 0.126681 1.56687e-06 2.03811e-11 3.75283e-11 2.37269e-11 1.74074e-11 
3.27116e-07 0.000116968 0.00402102 0.000321742 0.00302942 0.00356472 0.986586 5.18674e-07 0.00235966 
1.81783e-06 1.62097e-06 0.000851197 4.45878e-06 0.00168282 2.47591e-06 0.698046 2.88235e-06 0.299406 
0.50911 0.364208 2.18953e-11 0.126681 1.56687e-06 2.03811e-11 3.75283e-11 2.37269e-11 1.74074e-11 
0.00477244 0.00477038 0.00478119 0.00479975 0.961737 0.00477925 0.00480078 0.00478348 0.00477553 
0.000148008 6.56611e-07 0.216781 1.80614e-06 0.685469 0.00160568 1.84671e-06 0.0941068 0.00188536 
1.66908e-06 1.48833e-06 2.4422e-06 0.986637 2.75975e-06 0.00273024 0.00670163 0.00159054 0.00233189 
0.166619 1.00249e-06 0.0730216 2.75754e-06 1.85888e-06 0.0112947 0.000138759 0.45627 0.29265 
1.66723e-06 0.000596154 0.00146613 4.08937e-06 0.997921 2.27078e-06 4.18124e-06 2.64355e-06 1.93946e-06 
9.36047e-08 8.34675e-08 0.0509324 2.29594e-07 0.905653 0.0433917 2.34751e-07 2.22144e-05 1.08889e-07 
6.78259e-08 6.04805e-08 0.0666032 1.66363e-07 0.86379 0.0355028 1.70101e-07 0.00197081 0.0321328 
0.00243871 0.00243765 0.00244318 0.00245266 0.980448 0.00244219 0.00245319 0.00244435 0.00244029 
0.00098914 0.000988713 0.000990954 0.000994801 0.000991693 0.397211 0.000995013 0.595848 0.00098978 
1.05931e-06 9.44588e-07 0.995087 2.59827e-06 0.00350478 0.000867114 0.000533985 1.67964e-06 1.23227e-06 
1.06369e-06 9.48493e-07 0.99858 2.60901e-06 0.00140876 1.44875e-06 2.66763e-06 1.68658e-06 1.23737e-06 
3.86725e-05 3.86558e-05 0.34098 3.88938e-05 0.147374 0.24015 0.0233801 0.155086 0.0929128 
0.110864 0.110817 0.111068 0.111499 0.11115 0.111023 0.111523 0.111121 0.110936 
3.87303e-07 3.45359e-07 0.999094 9.49976e-07 0.00051295 5.2751e-07 0.000389499 6.14106e-07 4.50543e-07 
2.18682e-05 1.27103e-07 0.000141826 3.49622e-07 0.863816 6.52969e-05 3.57477e-07 0.135954 1.65814e-07 
1.06369e-06 9.48493e-07 0.99858 2.60901e-06 0.00140876 1.44875e-06 2.66763e-06 1.68658e-06 1.23737e-06 
0.00244146 0.00244041 0.00244594 0.00245543 0.00244776 0.980423 0.00245596 0.00244711 0.00244304 
5.19621e-07 4.63348e-07 0.0726128 3.63957e-05 0.0484695 0.02651 0.284313 0.280706 0.287351 
0.000276603 0.000276483 0.00027711 0.000278186 0.333058 0.221875 0.000278245 0.166623 0.277058 
0.000237032 0.00023693 0.190211 0.000238389 0.427997 0.00023737 0.00023844 0.380367 0.000237186 
6.33671e-07 5.65046e-07 0.00155245 1.55427e-06 0.000251513 0.99644 0.000128222 0.000801629 0.000823073 
1.40187e-07 1.39746e-05 0.840206 3.84397e-05 0.000359763 0.111646 0.0105151 0.000101492 0.0371188 
1.06181e-05 4.77529e-08 0.0559611 0.000738308 0.03314 0.0578527 0.722187 0.0356639 0.0944465 
1.32334e-06 1.18003e-06 1.93631e-06 0.330209 2.18808e-06 0.332129 0.305497 2.09829e-06 0.0321563 
0.000355291 0.14241 0.213921 0.000357325 0.641531 0.000355798 0.000357401 0.000356113 0.000355521 
3.86725e-05 3.86558e-05 0.34098 3.88938e-05 0.147374 0.24015 0.0233801 0.155086 0.0929128 
0.00014665 0.000146587 0.147066 0.000147489 0.235393 0.235122 0.000147521 0.000146989 0.381684 
7.60526e-07 6.78163e-07 0.00222671 1.86542e-06 1.25749e-06 0.996483 0.000383373 0.000724738 0.000177826 
2.91579e-05 2.59741e-08 4.2621e-08 7.14469e-08 2.89459e-05 3.96736e-08 0.999895 4.62326e-05 3.38849e-08 
3.28884e-06 2.93267e-06 4.81222e-06 8.06687e-06 5.43793e-06 0.00358803 0.996378 5.21478e-06 3.82585e-06 
8.90043e-05 7.20039e-07 0.00171819 1.98061e-06 0.000438822 1.09981e-06 0.997338 1.28035e-06 0.00041046 
8.92593e-07 7.95927e-07 1.30604e-06 0.000877444 1.47586e-06 1.21572e-06 2.23854e-06 0.000190016 0.998925 
7.41358e-07 6.61071e-07 0.0827301 1.8184e-06 4.77534e-05 0.664509 0.0977165 0.000845697 0.154147 
0.00163243 0.00163173 0.00163543 0.00164178 0.00163665 0.00163476 0.986918 0.00163621 0.00163349 
4.56682e-07 4.07224e-07 0.00057545 1.12015e-06 7.551e-07 6.22005e-07 1.14531e-06 0.990253 0.00916664 
0.000237032 0.00023693 0.190211 0.000238389 0.427997 0.00023737 0.00023844 0.380367 0.000237186 
3.86725e-05 3.86558e-05 0.34098 3.88938e-05 0.147374 0.24015 0.0233801 0.155086 0.0929128 
8.98807e-07 8.01468e-07 0.00841815 0.975306 0.00654046 0.00391861 0.000453078 0.00285172 0.00251041 
0.110864 0.110817 0.111068 0.111499 0.11115 0.111023 0.111523 0.111121 0.110936 
0.110864 0.110817 0.111068 0.111499 0.11115 0.111023 0.111523 0.111121 0.110936 
0.000471117 7.41767e-06 0.0582947 2.48975e-07 0.0130692 0.129963 5.17735e-05 0.690561 0.107581 
0.110864 0.110817 0.111068 0.111499 0.11115 0.111023 0.111523 0.111121 0.110936 
0.00478127 0.0047792 0.00479003 0.00480863 0.00479361 0.00478809 0.00480966 0.00479233 0.961657 
3.02788e-06 2.69997e-06 4.43038e-06 7.42678e-06 5.00644e-06 0.993887 0.00608249 4.80099e-06 3.52228e-06 
2.8185e-07 2.51326e-07 0.446383 6.91321e-07 4.66024e-07 0.0012288 0.000707559 4.469e-07 0.551678 
1.32334e-06 1.18003e-06 1.93631e-06 0.330209 2.18808e-06 0.332129 0.305497 2.09829e-06 0.0321563 
1.79327e-07 1.59907e-07 0.000210176 4.39854e-07 0.000949127 0.998327 4.49736e-07 0.000512098 2.08608e-07 
1.04762e-07 9.34163e-08 0.000122783 2.5696e-07 0.998607 0.00097041 2.62733e-07 0.000299164 1.21868e-07 
0.110864 0.110817 0.111068 0.111499 0.11115 0.111023 0.111523 0.111121 0.110936 
1.04762e-07 9.34163e-08 0.000122783 2.5696e-07 0.998607 0.00097041 2.62733e-07 0.000299164 1.21868e-07 
0.110864 0.110817 0.111068 0.111499 0.11115 0.111023 0.111523 0.111121 0.110936 
0.00049589 0.000495676 0.000496799 0.19999 0.00049717 0.000496598 0.399566 0.000497038 0.397465 
0.110864 0.110817 0.111068 0.111499 0.11115 0.111023 0.111523 0.111121 0.110936 
1.04762e-07 9.34163e-08 0.000122783 2.5696e-07 0.998607 0.00097041 2.62733e-07 0.000299164 1.21868e-07 
0.110864 0.110817 0.111068 0.111499 0.11115 0.111023 0.111523 0.111121 0.110936 
8.38388e-08 7.47593e-08 9.82609e-05 2.0564e-07 0.532925 0.466736 2.1026e-07 0.000239415 9.75282e-08 
0.000174173 2.54495e-07 0.332586 7.00038e-07 4.71901e-07 0.000369081 0.000594738 0.332903 0.333371 
1.80866e-06 1.61279e-06 0.0058248 4.43629e-06 2.99053e-06 0.990788 4.53596e-06 2.86781e-06 0.00336849 
0.498295 0.000355518 0.499209 0.000357707 0.000356589 0.000356179 0.000357783 0.000356494 0.000355901 
0.00243871 0.00243765 0.00244318 0.00245266 0.980448 0.00244219 0.00245319 0.00244435 0.00244029 
0.490559 5.03134e-07 0.0852582 1.38397e-06 0.000297528 0.262416 1.41506e-06 0.000806763 0.160659 
2.2023e-07 1.9638e-07 3.2224e-07 5.40181e-07 0.957264 0.0427332 5.52316e-07 3.49196e-07 2.5619e-07 
0.057541 0.185091 4.31296e-09 0.744369 0.000870005 4.0147e-09 7.39238e-09 0.00526495 0.00686372 
2.78662e-07 2.48483e-07 0.041432 6.83502e-07 0.000400233 0.957949 6.98857e-07 0.000216085 3.24162e-07 
1.21812e-06 2.16699e-06 0.217168 8.93364e-06 0.064986 0.0773102 0.0304429 0.553636 0.056445 
1.92501e-07 1.71653e-07 0.0382801 0.000160717 0.0304867 0.263349 0.665535 0.00155414 0.000633547 
0.000236678 0.000236576 0.142504 0.000238033 0.000237289 0.000237016 0.571638 0.000237226 0.284435 
0.509349 0.363369 2.20206e-11 0.12728 1.48465e-06 2.04978e-11 3.7743e-11 2.38627e-11 1.7507e-11 
1.39512e-06 1.24403e-06 2.04134e-06 3.42195e-06 0.00201359 0.997971 3.49883e-06 2.2121e-06 1.62292e-06 
0.652318 1.2339e-06 0.0027774 3.39408e-06 0.334943 0.000939498 0.000668877 0.00727908 0.00106936 
0.50911 0.364208 2.18953e-11 0.126681 1.56687e-06 2.03811e-11 3.75283e-11 2.37269e-11 1.74074e-11 
0.00123088 0.00123035 0.00123313 0.00123792 0.494857 0.00123263 0.496513 0.00123373 0.00123167 
4.3809e-08 3.90646e-08 0.226226 1.07455e-07 0.550936 0.222372 6.60311e-05 0.000277923 0.00012236 
0.50911 0.364208 2.18953e-11 0.126681 1.56687e-06 2.03811e-11 3.75283e-11 2.37269e-11 1.74074e-11 
0.0490488 0.875809 8.57962e-11 0.0751406 1.60659e-06 7.9863e-11 1.47054e-10 9.29733e-11 6.82104e-11 
0.50911 0.364208 2.18953e-11 0.126681 1.56687e-06 2.03811e-11 3.75283e-11 2.37269e-11 1.74074e-11 
1.60936e-07 1.43507e-07 0.0224107 0.000285526 0.0481395 0.0166121 4.03612e-07 0.00529226 0.907259 
0.50911 0.364208 2.18953e-11 0.126681 1.56687e-06 2.03811e-11 3.75283e-11 2.37269e-11 1.74074e-11 
1.60936e-07 1.43507e-07 0.0224107 0.000285526 0.0481395 0.0166121 4.03612e-07 0.00529226 0.907259 
4.72627e-05 1.05098e-07 0.00151778 2.89092e-07 0.000740738 0.996439 0.000177648 0.000747714 0.000329194 
0.110864 0.110817 0.111068 0.111499 0.11115 0.111023 0.111523 0.111121 0.110936 
0.000426631 2.71541e-07 0.999417 7.46925e-07 5.03507e-07 4.14758e-07 0.000153505 4.82845e-07 3.54242e-07 
1.1196e-06 9.98349e-07 0.0782396 2.74615e-06 0.000624307 0.2911 2.80785e-06 0.0107106 0.619318 
0.110864 0.110817 0.111068 0.111499 0.11115 0.111023 0.111523 0.111121 0.110936 
7.92083e-07 7.06303e-07 0.333977 1.94282e-06 1.30967e-06 0.33336 0.332656 1.25593e-06 9.21417e-07 
0.110864 0.110817 0.111068 0.111499 0.11115 0.111023 0.111523 0.111121 0.110936 
2.16999e-05 1.25037e-07 0.287111 1.84548e-05 5.38752e-05 0.00387293 0.00135913 0.706219 0.00134396 
2.42858e-05 1.41121e-07 0.0159165 1.32164e-05 0.0138676 0.0599789 0.0197033 0.160651 0.729845 
0.000354506 0.000354353 0.000355156 0.000356535 0.000355421 0.213362 0.642258 0.000355326 0.142249 
0.000292786 0.000292659 0.000293323 0.000294461 0.000293541 0.469419 0.000294524 0.528527 0.000292975 
0.000292227 0.000292101 0.000292763 0.0002939 0.000292981 0.468523 0.529427 0.000292903 0.000292416 
5.52017e-05 3.42979e-07 0.30022 9.4343e-07 0.455661 0.000247873 0.166688 0.0195485 0.0575775 
4.95712e-07 4.42028e-07 0.697764 1.21588e-06 0.296709 0.00202616 0.00223901 0.00125839 5.76653e-07 
0.000207448 0.000207359 0.415865 0.000208636 0.457772 0.000207744 0.0419447 0.0833792 0.000207582 
1.03519e-07 9.23082e-08 0.272387 2.53912e-07 0.394869 0.207908 2.59616e-07 0.0494687 0.0753676 
6.17962e-05 2.07675e-07 0.664824 5.71251e-07 0.000343728 0.071958 0.000933293 0.175903 0.0859751 
0.110864 0.110817 0.111068 0.111499 0.11115 0.111023 0.111523 0.111121 0.110936 
9.39128e-08 8.37422e-08 0.000797133 0.000322719 1.5528e-07 0.998412 0.00042418 1.48908e-07 4.3808e-05 
5.25803e-08 4.6886e-08 0.464945 1.28969e-07 0.0211262 0.169017 0.0149321 0.0836803 0.2463 
2.04281e-07 1.82158e-07 0.978451 0.000213956 3.37768e-07 0.000220403 0.0211131 3.23907e-07 2.37636e-07 
0.110864 0.110817 0.111068 0.111499 0.11115 0.111023 0.111523 0.111121 0.110936 
0.00033159 0.000331447 0.133211 0.000333488 0.665225 0.19957 0.000333559 0.000332357 0.000331804 
6.33612e-05 2.02626e-07 0.000205233 0.000224301 0.825085 3.09497e-07 0.00230558 0.000881589 0.171235 
8.50802e-08 7.58662e-08 0.0200429 2.08685e-07 0.59146 1.1588e-07 2.13373e-07 0.000108057 0.388388 
7.43134e-07 6.62654e-07 0.0894676 0.00033492 1.22873e-06 0.482802 0.0800663 1.17831e-06 0.347326 
8.93761e-08 3.11162e-06 0.0131759 0.000212711 0.158472 0.642666 0.0134303 0.00472178 0.167318 
7.91602e-05 7.9126e-05 0.0635236 7.96132e-05 0.254046 0.539136 7.96302e-05 0.142897 7.92114e-05 
1.22983e-06 1.09665e-06 0.00252108 0.00120963 2.03347e-06 0.00201173 0.992533 1.95002e-06 0.00171821 
0.000633951 5.4991e-07 0.992347 0.000313348 0.000631652 0.000751193 0.00106435 0.00302474 0.00123316 
1.32874e-06 1.18484e-06 0.000779627 0.00130691 0.00351741 1.80976e-06 0.00266921 2.10685e-06 0.99172 
0.000127884 0.000127829 0.307613 0.000128616 0.000128214 0.000128067 0.000128644 0.205216 0.486401 
0.110864 0.110817 0.111068 0.111499 0.11115 0.111023 0.111523 0.111121 0.110936 
1.58797e-07 1.41599e-07 0.0746314 3.89496e-07 0.925219 2.16283e-07 3.98247e-07 2.51787e-07 0.000147965 
1.33784e-06 1.19295e-06 1.95752e-06 3.28144e-06 2.21204e-06 1.82215e-06 3.35516e-06 0.000850628 0.999134 
2.27883e-07 2.03203e-07 3.33437e-07 0.306231 0.00157535 3.10378e-07 5.71508e-07 0.0127058 0.679486 
7.0784e-07 6.31182e-07 0.996354 1.73619e-06 1.17038e-06 9.64084e-07 1.77519e-06 0.00314369 0.000494873 
1.2322e-06 1.09876e-06 0.00252594 3.02235e-06 2.03739e-06 0.000672988 0.994446 0.00234649 1.4334e-06 
2.27883e-07 2.03203e-07 3.33437e-07 0.306231 0.00157535 3.10378e-07 5.71508e-07 0.0127058 0.679486 
7.2024e-07 6.42239e-07 0.000322755 1.7666e-06 0.000579395 9.80974e-07 0.000586475 1.14201e-06 0.998506 
0.491263 0.00244304 0.00244857 0.00245808 0.0024504 0.00244758 0.00245861 0.00244975 0.491581 
0.000355291 0.14241 0.213921 0.000357325 0.641531 0.000355798 0.000357401 0.000356113 0.000355521 
2.27751e-07 2.03086e-07 0.000459541 0.000136402 0.151174 0.596626 0.000463557 0.250603 0.000537149 
1.74967e-07 1.56018e-07 0.288553 7.06564e-05 0.000142312 0.000169222 0.710106 0.000681247 0.000277757 
2.27883e-07 2.03203e-07 3.33437e-07 0.306231 0.00157535 3.10378e-07 5.71508e-07 0.0127058 0.679486 
6.80628e-08 6.06917e-08 2.89309e-05 1.94993e-05 0.00028522 8.05983e-05 0.999463 6.25942e-05 5.96757e-05 
4.9683e-07 4.43024e-07 7.26959e-07 0.000488667 8.21482e-07 6.76687e-07 0.999044 7.87771e-07 0.00046294 
0.000851085 9.47457e-07 0.998109 2.60616e-06 1.75683e-06 1.44717e-06 0.000535607 1.68474e-06 0.000495642 
1.75591e-06 1.56575e-06 0.334801 4.30689e-06 0.335892 2.39156e-06 4.40364e-06 2.78416e-06 0.329289 
0.000276603 0.000276483 0.00027711 0.000278186 0.333058 0.221875 0.000278245 0.166623 0.277058 
1.13523e-06 1.01229e-06 0.000157206 0.00334003 0.00158381 0.993925 0.000989013 1.80002e-06 1.3206e-06 
0.000355315 0.000355162 0.142743 0.000357349 0.570329 0.000355822 0.000357425 0.000356137 0.284791 
2.37571e-07 2.11842e-07 0.00073899 6.2493e-05 3.92811e-07 0.978997 5.95804e-07 3.76691e-07 0.0201999 
3.50589e-05 2.51305e-07 0.121606 6.91263e-07 0.508445 0.317843 0.000135891 0.00012865 0.0518046 
3.80149e-07 3.3898e-07 0.000779282 9.3243e-07 6.28557e-07 0.000207625 0.0768431 0.000844471 0.921323 
0.000100669 6.07422e-07 0.12234 1.67083e-06 0.0135647 0.763464 1.70837e-06 9.0843e-05 0.100436 
3.86725e-05 3.86558e-05 0.34098 3.88938e-05 0.147374 0.24015 0.0233801 0.155086 0.0929128 
2.35888e-07 3.97436e-06 0.431943 0.000248231 0.15757 0.367918 0.00232517 0.00204079 0.0379506 
2.36171e-07 2.10594e-07 3.45564e-07 5.7928e-07 0.844647 0.154851 5.92294e-07 0.000225058 0.000275008 
2.27883e-07 2.03203e-07 3.33437e-07 0.306231 0.00157535 3.10378e-07 5.71508e-07 0.0127058 0.679486 
1.21228e-06 1.08099e-06 0.996525 2.97348e-06 2.00444e-06 1.65114e-06 3.04028e-06 0.00346186 1.41022e-06 
