0.000989596 0.000991346 0.000989761 0.000988216 0.000989808 0.992077 0.000990356 0.000991995 0.000992169 
5.70117e-06 0.367437 0.0565931 0.192984 0.115495 0.259361 0.00657297 0.000183488 0.00136714 
3.78455e-07 7.05589e-07 0.000816167 1.19969e-07 0.00033425 6.564e-07 0.998846 8.26996e-07 8.60109e-07 
0.00478351 0.00479197 0.00478431 0.00477684 0.961694 0.00479071 0.00478719 0.00479511 0.00479595 
6.64212e-06 0.0638604 0.0425747 0.498993 0.0018687 0.174897 0.133864 0.0822938 0.00164067 
3.03879e-07 0.00192684 0.997121 9.63287e-08 3.35061e-07 0.000949225 4.17111e-07 6.64034e-07 6.90621e-07 
0.220301 0.50809 0.271284 4.67894e-05 3.47887e-07 0.000151965 0.00012447 6.89454e-07 7.1706e-07 
0.00097503 3.02468e-06 0.000701141 5.14277e-07 1.78881e-06 2.81382e-06 2.22687e-06 0.99831 3.68707e-06 
5.42014e-07 1.01053e-06 7.18873e-05 1.71817e-07 5.97631e-07 0.000115688 7.43981e-07 0.998305 0.00150483 
5.94757e-08 0.0356168 0.000435944 3.39553e-05 0.000249265 0.000763456 6.53918e-05 0.962835 1.3517e-07 
0.000138559 0.000138804 0.0278549 0.000138366 0.332752 0.555209 0.000138665 0.000138895 0.0834904 
0.00117434 0.18546 0.010037 4.20744e-08 0.559799 0.22221 0.000108679 0.0179716 0.00323935 
3.7086e-06 6.91429e-06 0.963267 1.17562e-06 4.08915e-06 0.0334543 5.09051e-06 0.0032497 8.42848e-06 
2.87584e-07 0.00131986 0.000397753 9.11633e-08 0.000450885 0.000501811 4.14366e-05 0.996336 0.00095201 
0.000138559 0.000138804 0.0278549 0.000138366 0.332752 0.555209 0.000138665 0.000138895 0.0834904 
6.80827e-07 0.11771 0.878132 2.1582e-07 0.000890408 1.18084e-06 0.000167062 0.00199673 0.0011018 
1.89758e-06 3.53783e-06 2.04512e-06 6.01526e-07 2.09229e-06 0.000661531 2.60466e-06 0.999321 4.3126e-06 
0.0153076 0.00101904 0.000841399 0.0172826 5.72364e-07 0.738403 0.0112437 0.215822 7.99751e-05 
0.00123588 0.00123807 0.990103 0.00123416 0.00123615 0.00123774 0.00123683 0.00123888 0.0012391 
1.26639e-06 2.36105e-06 1.36486e-06 4.01442e-07 1.39634e-06 0.000441488 1.73828e-06 0.999547 2.87811e-06 
0.00248284 0.145465 0.0293728 0.000352819 0.202488 1.11782e-07 0.10788 0.511958 1.46473e-07 
0.00082037 0.20741 2.15305e-05 0.186173 9.73436e-06 0.201159 0.362139 0.0422624 4.22823e-06 
8.71488e-07 1.6248e-06 9.3925e-07 2.76259e-07 9.60913e-07 1.51153e-06 1.19623e-06 0.999991 1.98062e-06 
0.980421 0.00244926 0.00244534 0.00244152 0.00244546 0.00244861 0.00244681 0.00245086 0.00245129 
1.63378e-06 0.000196575 0.372676 5.17903e-07 0.619116 0.00702253 2.24256e-06 0.000343812 0.000640562 
0.00123313 0.00123531 0.00123333 0.00123141 0.00123339 0.00123498 0.00123407 0.990128 0.00123633 
0.995443 0.00299135 2.22624e-06 6.54798e-07 2.27759e-06 3.58267e-06 2.83533e-06 0.000506232 0.00104764 
2.81004e-06 5.23903e-06 0.972764 8.90776e-07 0.00186213 0.0253487 3.85714e-06 6.14049e-06 6.38635e-06 
0.971474 0.0073843 0.000570738 5.3812e-07 0.00422161 0.0128206 2.33011e-06 0.00202232 0.00150346 
5.51773e-05 0.000341458 0.00865456 1.05506e-07 0.581015 0.324351 4.5685e-07 0.0855123 7.00032e-05 
6.65671e-05 6.66848e-05 0.452797 6.64743e-05 0.0400154 0.453405 6.66182e-05 0.0534495 6.67401e-05 
1.89883e-06 3.54016e-06 2.04647e-06 6.01922e-07 2.09367e-06 3.29337e-06 2.60637e-06 0.99998 4.31544e-06 
7.13029e-05 7.14289e-05 0.04286 7.12034e-05 0.399453 0.371404 7.13576e-05 0.0858421 0.100155 
7.67568e-07 0.00174292 8.2725e-07 2.43317e-07 0.995919 0.000464484 1.05358e-06 0.00186895 1.74444e-06 
0.00477641 0.961759 0.00477721 0.00476975 0.00477744 0.0047836 0.00478008 0.00478799 0.00478883 
1.35508e-06 2.52641e-06 0.00149963 0.996501 1.49413e-06 0.00150923 0.000478877 2.96112e-06 3.07968e-06 
0.000294917 8.86695e-08 5.12573e-08 9.0608e-06 5.24396e-08 8.2488e-08 6.52812e-08 0.999415 0.000281136 
6.2645e-07 1.16795e-06 0.00040577 1.98583e-07 0.00386879 0.00565103 8.5988e-07 0.988077 0.00199464 
0.00244442 0.00244875 0.00244483 0.00244102 0.980425 0.0024481 0.0024463 0.00245035 0.00245078 
0.000294917 8.86695e-08 5.12573e-08 9.0608e-06 5.24396e-08 8.2488e-08 6.52812e-08 0.999415 0.000281136 
0.000880787 2.64817e-07 1.53083e-07 2.70606e-05 1.56614e-07 2.46356e-07 1.94966e-07 0.998252 0.00083963 
0.000178349 0.000178664 0.000178379 0.641337 0.000178387 0.357413 0.000178486 0.000178781 0.000178813 
1.90226e-06 0.99872 2.05017e-06 6.03011e-07 0.00126057 3.29932e-06 2.61109e-06 4.1568e-06 4.32324e-06 
2.53989e-06 0.00378902 0.989329 8.05138e-07 0.00157291 0.00529107 3.48631e-06 5.55015e-06 5.77237e-06 
0.00477344 0.00478188 0.00477423 0.00476678 0.00477446 0.00478062 0.0047771 0.961786 0.00478585 
0.27724 0.000277452 0.000277008 0.000276576 0.498916 0.22218 0.000277174 0.000277633 0.000277682 
0.243619 3.93564e-05 3.92935e-05 0.0235786 3.92954e-05 3.93461e-05 3.93171e-05 0.630154 0.102451 
3.81765e-07 7.1176e-07 4.11449e-07 1.21018e-07 0.000421361 0.530906 5.2402e-07 0.46867 8.67632e-07 
6.65671e-05 6.66848e-05 0.452797 6.64743e-05 0.0400154 0.453405 6.66182e-05 0.0534495 6.67401e-05 
2.73625e-06 5.10146e-06 2.94901e-06 8.67384e-07 3.01703e-06 4.74582e-06 3.75585e-06 5.97924e-06 0.999971 
1.47381e-05 0.00809061 0.0481494 2.67504e-08 0.109937 0.0514722 0.000109306 0.782165 6.20408e-05 
1.51408e-06 0.0073422 0.981691 4.79958e-07 1.66944e-06 0.0042043 2.07826e-06 0.00331185 0.00344447 
0.000989129 0.000990878 0.000989294 0.00098775 0.198858 0.000990617 0.000989888 0.794213 0.000991701 
1.8289e-05 0.207698 8.868e-06 5.69748e-08 0.0335005 0.745561 2.02816e-05 0.00595686 0.00723583 
0.00489636 0.0496065 0.0584969 0.000690977 0.404314 2.35113e-08 0.215222 0.266773 3.08079e-08 
2.26123e-08 0.0026009 9.03744e-05 0.00158121 0.310418 0.651633 1.35686e-05 0.0336016 6.10503e-05 
5.61087e-08 0.000306544 0.540742 1.77863e-08 0.0571736 0.000116537 0.000891195 0.178998 0.221773 
0.111012 0.111208 0.11103 0.110857 0.111036 0.111179 0.111097 0.111281 0.1113 
6.65671e-05 6.66848e-05 0.452797 6.64743e-05 0.0400154 0.453405 6.66182e-05 0.0534495 6.67401e-05 
0.00244442 0.00244875 0.00244483 0.00244102 0.980425 0.0024481 0.0024463 0.00245035 0.00245078 
7.7702e-05 5.73761e-07 0.000459096 9.75547e-08 0.996633 0.00107441 0.00127522 0.000479636 6.99411e-07 
0.00243916 0.00244348 0.00243957 0.00243576 0.00243969 0.00244283 0.00244103 0.980473 0.0024455 
8.5012e-06 0.337564 0.0135889 1.34675e-09 0.146023 0.247968 3.50476e-06 0.141202 0.113643 
3.26943e-07 0.10504 0.00133109 1.0364e-07 9.05502e-05 0.353914 4.4877e-07 0.373585 0.166039 
0.0626855 3.03934e-09 1.75696e-09 0.000186658 1.79748e-09 2.82746e-09 2.23765e-09 0.912063 0.0250647 
0.00794524 0.235929 0.000120069 2.13325e-07 0.752573 0.00268999 9.23714e-07 0.000424925 0.000316109 
5.6704e-06 1.05719e-05 0.00122837 1.7975e-06 6.25225e-06 9.83487e-06 7.78333e-06 0.998717 1.2887e-05 
0.000497586 0.100192 0.498166 0.000496892 0.398654 0.000498334 0.000497968 0.000498792 0.000498879 
1.5863e-05 0.000143158 0.000235959 3.7752e-06 4.48578e-05 0.901622 0.0222492 0.0756182 6.68199e-05 
2.57324e-05 0.000159618 0.00910146 1.60334e-05 0.0783456 0.840842 3.47601e-05 0.0535869 0.0178876 
1.64392e-08 0.0507072 0.643584 3.45406e-07 0.00293933 0.298444 0.00105358 0.00327121 3.73611e-08 
1.8649e-06 3.47691e-06 0.0158162 0.00465202 0.000334862 0.000526741 0.978657 4.07516e-06 4.23833e-06 
0.000566527 4.18378e-07 2.41853e-07 0.0103525 2.47431e-07 0.333184 3.08022e-07 0.335488 0.320408 
1.15521e-08 4.62878e-05 0.66203 4.17687e-07 0.00585653 0.323456 0.00209515 0.00651583 2.62543e-08 
2.72216e-07 0.0586271 0.267687 2.95777e-06 0.00019007 0.671023 0.00231018 0.000158949 6.18661e-07 
2.56385e-07 4.78002e-07 2.7632e-07 8.12732e-08 0.0568784 0.000445124 3.5192e-07 0.942674 5.82682e-07 
0.000274629 0.000325913 0.00118352 3.95531e-08 0.000165231 0.450872 1.71268e-07 0.546781 0.000397286 
2.42686e-07 0.0516804 0.352177 1.8465e-06 0.000117215 0.44379 0.11878 0.0334525 5.5155e-07 
4.07856e-05 0.129081 0.565716 2.90708e-08 0.163908 0.137394 0.00374005 6.93633e-05 5.15886e-05 
3.82973e-07 0.000286319 0.00280711 0.000218644 0.00160505 0.988119 0.000421068 0.00619366 0.000349023 
1.48594e-08 0.0304421 0.599595 2.52892e-07 0.00381861 0.360531 0.000633966 0.00497977 3.37708e-08 
1.57959e-08 0.0610781 0.613942 0.000103753 0.0139671 0.28493 0.00323899 0.0227396 3.58991e-08 
0.000174882 2.74579e-07 0.995584 4.66858e-08 0.000340971 0.00012375 0.00377502 3.21825e-07 3.3471e-07 
0.534745 0.000178503 0.000178218 0.00017794 0.000178226 0.250017 0.214168 0.00017862 0.000178651 
7.08985e-06 6.41666e-05 0.719636 1.60418e-09 2.0093e-05 0.248407 0.0317319 0.000103959 2.99143e-05 
4.55811e-07 0.00124515 0.0755545 5.05929e-05 0.000964218 0.921599 6.25657e-07 9.96035e-07 0.000584419 
1.5065e-08 2.80871e-08 0.750987 4.77556e-09 9.98313e-06 0.248964 1.24278e-05 2.63689e-05 3.4238e-08 
0.000776465 0.00217109 0.000167702 1.23007e-07 0.00162628 0.00390421 5.3263e-07 0.00169672 0.989657 
0.00244383 0.00244815 0.491289 0.00244042 0.00244435 0.00244751 0.491587 0.00244975 0.00245018 
7.35414e-06 0.105193 0.789068 1.04989e-08 0.000181661 0.0977727 0.00736136 0.000400017 1.67137e-05 
0.000113473 0.000113673 0.771855 0.000113315 0.000113497 0.159215 0.0682494 0.000113748 0.000113768 
0.0109768 6.63191e-05 0.514388 1.03161e-08 2.07812e-05 0.463773 0.0106368 0.000107424 3.09561e-05 
1.64392e-08 0.0507072 0.643584 3.45406e-07 0.00293933 0.298444 0.00105358 0.00327121 3.73611e-08 
1.90308e-08 0.000255999 0.661168 6.03272e-09 0.00327174 0.323211 1.16539e-05 0.0120822 4.32511e-08 
3.54635e-07 6.61179e-07 0.9951 1.12418e-07 0.000800291 0.000238765 0.00385816 7.74945e-07 8.05973e-07 
0.00055146 0.000552435 0.000551552 0.000550691 0.000551578 0.00055229 0.000551883 0.995585 0.000552894 
0.330345 4.61788e-07 0.201262 1.40499e-05 0.00208994 0.133488 0.331597 5.41246e-07 0.00120257 
0.0307669 0.000169518 0.87439 2.95672e-08 7.16394e-05 0.0945693 3.19068e-05 2.03819e-07 2.1198e-07 
1.83735e-07 3.42555e-07 1.98021e-07 5.82435e-08 4.07204e-05 3.18674e-07 0.999716 0.000241299 4.17573e-07 
9.60142e-08 3.59808e-05 0.000248454 1.22049e-05 1.05866e-07 1.66529e-07 1.31791e-07 0.999703 2.1821e-07 
2.26837e-07 4.22913e-07 0.99926 7.19066e-08 2.50113e-07 0.000551196 0.000187128 4.95682e-07 5.15529e-07 
0.000620057 0.124852 0.00062016 0.000619192 0.00062019 0.00062099 0.000620533 0.870805 0.000621669 
0.173131 0.0459285 2.54609e-05 2.54211e-05 0.0407649 2.54949e-05 0.0102159 0.683917 0.0459666 
0.00949373 0.00125879 7.88171e-09 2.31823e-09 0.000589686 1.2684e-08 4.89853e-05 0.987074 0.00153445 
1.83735e-07 3.42555e-07 1.98021e-07 5.82435e-08 4.07204e-05 3.18674e-07 0.999716 0.000241299 4.17573e-07 
0.0575071 0.23791 5.77487e-05 4.76611e-06 0.349351 0.000448882 0.00457818 0.316387 0.0337558 
0.0197072 0.0958357 0.272949 1.40469e-05 0.0506645 0.284585 0.107002 0.13256 0.0366822 
7.89514e-07 0.000512198 0.325504 2.50274e-07 8.70528e-07 0.000510556 0.513556 0.1574 0.00251508 
0.000239502 0.00101068 9.78512e-05 1.68388e-07 0.000563734 0.997911 7.29136e-07 0.000175226 1.20725e-06 
1.93876e-08 0.000218598 0.282336 6.14581e-09 0.219317 0.466497 6.8257e-06 0.0314673 0.000157648 
0.000166233 0.000166527 0.199678 0.132967 0.000166269 0.26654 0.0667105 0.333439 0.000166665 
1.27979e-07 2.38603e-07 0.000138068 4.0569e-08 0.847545 4.46159e-05 0.000210976 2.79659e-07 0.15206 
1.83735e-07 3.42555e-07 1.98021e-07 5.82435e-08 4.07204e-05 3.18674e-07 0.999716 0.000241299 4.17573e-07 
0.000311506 0.000312057 0.249557 0.000311072 0.436515 0.000311975 0.312057 0.000312262 0.000312316 
0.00244829 0.00245261 0.00244869 0.980391 0.00244881 0.00245197 0.00245016 0.00245422 0.00245465 
4.60344e-06 0.00172511 0.998229 1.45928e-06 5.07581e-06 7.9843e-06 6.31879e-06 1.00594e-05 1.04622e-05 
0.0858966 0.0178801 0.000167216 0.448162 3.17536e-05 0.204601 0.230675 0.012013 0.00057286 
2.48009e-07 0.000141957 0.237981 0.009914 0.333327 0.323632 0.0949031 0.000100046 5.63647e-07 
6.44693e-05 3.18296e-05 1.02164e-08 3.00493e-09 1.67338e-05 1.64412e-08 5.21764e-06 0.999843 3.88e-05 
3.21061e-08 0.268995 0.674301 1.01775e-08 0.00719714 7.475e-05 0.00506026 7.0158e-08 0.044372 
0.111012 0.111208 0.11103 0.110857 0.111036 0.111179 0.111097 0.111281 0.1113 
0.349446 0.00615218 0.000251858 0.149542 0.220633 0.0848015 0.000327927 0.18829 0.00055552 
0.507333 0.0050139 0.000253947 1.34844e-08 0.00226742 0.162668 0.0104658 0.305886 0.0061119 
0.324849 0.000434256 0.333459 5.69784e-08 0.000228308 3.11752e-07 0.00121007 0.247014 0.0928047 
0.30529 0.00900122 0.00257223 0.513651 6.41487e-06 0.0077142 0.160467 0.00129224 6.43017e-06 
0.010624 0.000231346 0.828301 1.127e-05 0.00050777 2.41046e-07 0.0421118 0.117737 0.00047576 
0.000216631 0.000217014 0.390216 0.000216329 0.000216677 0.000216957 0.0435762 0.0870793 0.478045 
0.173131 0.0459285 2.54609e-05 2.54211e-05 0.0407649 2.54949e-05 0.0102159 0.683917 0.0459666 
4.53042e-06 8.44649e-06 4.88268e-06 1.43613e-06 4.99529e-06 7.85766e-06 0.999948 9.89983e-06 1.02962e-05 
0.000684776 4.25421e-07 0.00024617 7.2333e-08 2.51596e-07 0.998591 0.000376162 0.000100223 5.18586e-07 
6.06842e-05 2.82142e-07 0.999007 4.79717e-08 1.6686e-07 2.62473e-07 4.1752e-05 0.000132606 0.00075699 
0.000452219 0.000453018 0.000452294 0.000451588 0.0909156 0.000452899 0.724557 0.000453315 0.181812 
0.96541 0.000158826 5.09789e-08 1.49943e-08 8.34998e-05 0.000114938 0.0312685 0.0027702 0.000193608 
0.111012 0.111208 0.11103 0.110857 0.111036 0.111179 0.111097 0.111281 0.1113 
1.22334e-06 0.0102668 0.000298821 8.50371e-10 0.989432 4.65273e-09 3.68218e-09 5.86196e-09 1.3065e-06 
0.749394 0.0027832 0.000834304 5.56252e-08 0.0012753 0.0818048 0.0053377 0.155178 0.00339269 
0.000376398 7.0105e-07 0.000648815 1.19197e-07 0.996632 0.00182675 5.16134e-07 8.21676e-07 0.0005136 
2.9322e-07 5.46677e-07 0.1676 9.29498e-08 0.000203724 5.08567e-07 4.02481e-07 0.832194 6.66397e-07 
6.45206e-05 0.0544786 0.010727 9.07967e-08 1.80221e-05 7.47693e-05 0.000125299 0.934511 6.5096e-07 
0.00055146 0.000552435 0.000551552 0.000550691 0.000551578 0.00055229 0.000551883 0.995585 0.000552894 
0.000151349 0.989335 0.00224856 9.97823e-05 0.000427646 0.00376775 0.0011226 0.00220998 0.000637143 
0.000138559 0.000138804 0.0278549 0.000138366 0.332752 0.555209 0.000138665 0.000138895 0.0834904 
6.80901e-08 1.26947e-07 0.00223207 2.15844e-08 7.5077e-08 0.997719 9.34621e-08 4.85276e-05 1.54747e-07 
0.000249137 0.599236 0.000249178 0.000248789 0.349116 0.0501518 0.000249328 0.000249741 0.000249784 
3.60553e-06 6.72213e-06 3.88588e-06 0.000458319 3.9755e-06 0.00375836 0.995749 7.87878e-06 8.19424e-06 
1.83735e-07 3.42555e-07 1.98021e-07 5.82435e-08 4.07204e-05 3.18674e-07 0.999716 0.000241299 4.17573e-07 
0.00048738 0.682117 0.0907032 1.19012e-08 0.00331757 0.158201 0.0179686 0.0435764 0.00362882 
0.0107119 0.502091 2.0092e-07 5.9096e-08 0.000905869 3.23339e-07 0.000147572 0.331432 0.154712 
2.4312e-05 0.000220035 0.726055 5.50093e-09 0.0551902 0.000608007 0.217443 0.000356488 0.00010258 
2.61087e-07 0.000336111 0.695162 8.27638e-08 0.00126927 0.00185399 0.00936438 0.038448 0.253566 
1.08196e-07 2.0172e-07 0.126217 3.42978e-08 0.000668189 0.000976006 2.9851e-05 0.113864 0.758245 
0.000262342 0.000262806 0.000262386 0.000261976 0.47258 0.315547 0.210297 0.000262978 0.000263024 
0.00135382 0.000668715 4.60874e-07 1.35556e-07 0.000351592 7.41681e-07 0.000109863 0.0116566 0.985858 
1.77175e-06 0.251598 8.63079e-06 3.31044e-09 0.748392 1.81128e-08 1.43345e-08 2.28202e-08 2.3734e-08 
0.000216749 0.00196168 0.0032349 4.90425e-08 0.983459 0.00542057 0.00161414 0.0031782 0.00091453 
5.67147e-08 0.482697 0.421109 3.61365e-06 0.095315 0.000629647 4.67866e-05 0.000198416 1.28895e-07 
9.04009e-05 5.91021e-07 0.000224012 4.85986e-06 0.233207 5.4982e-07 0.766062 6.92716e-07 0.000410185 
0.000174688 0.000207491 0.0633963 1.09782e-07 0.239289 0.515279 0.124863 0.000866594 0.0559239 
0.000178285 0.0001786 0.89175 0.107 0.000178323 0.000178553 0.000178422 0.000178717 0.000178749 
9.17748e-07 0.961268 0.0067269 0.000523952 0.00384631 0.0117806 0.00100904 0.0148423 2.08575e-06 
2.4312e-05 0.000220035 0.726055 5.50093e-09 0.0551902 0.000608007 0.217443 0.000356488 0.00010258 
2.10686e-07 0.214762 0.709904 1.13111e-06 0.0666455 0.000186713 0.00449462 0.00400549 4.78823e-07 
0.00189973 0.751284 3.0105e-07 8.85469e-08 0.000493098 4.84477e-07 0.000153749 0.0163591 0.22981 
2.85667e-06 0.0547505 0.572637 3.58042e-07 0.0520243 0.27016 0.00209497 0.0483233 6.49232e-06 
4.11824e-05 8.27829e-05 0.284601 5.63505e-05 0.571551 0.128661 0.0147789 4.09449e-05 0.000187024 
2.66737e-07 4.97303e-07 2.87477e-07 8.45548e-08 0.0828213 0.00268375 0.00080585 0.911141 0.0025467 
2.27684e-05 2.28086e-05 0.0182404 2.27366e-05 2.27733e-05 0.00914386 2.27859e-05 2.28236e-05 0.972479 
0.000708473 0.994328 0.00070859 0.000707485 0.000708624 0.000709539 0.000709016 0.00071019 0.000710314 
2.73137e-05 0.996508 0.000411169 2.15919e-08 0.000676004 0.000827087 9.34948e-08 0.00148857 6.20756e-05 
1.98043e-05 0.000177797 0.0543335 6.8018e-08 0.0987258 0.846226 0.000146265 0.000287889 8.31699e-05 
9.54716e-07 0.999989 1.02895e-06 3.02642e-07 1.05268e-06 1.65588e-06 1.31047e-06 2.08624e-06 2.16977e-06 
0.00423781 0.00790094 1.90225e-06 5.59504e-07 0.00272653 0.985122 2.4227e-06 3.85689e-06 4.01132e-06 
0.00143692 0.0347462 0.342788 0.0324977 0.140864 0.0337195 0.40681 0.00713074 7.48963e-06 
3.1068e-07 0.000651264 0.255949 9.84845e-08 0.0223622 0.103146 2.06681e-05 0.477226 0.140644 
6.53406e-05 0.000283978 0.000234462 1.38199e-05 0.998181 1.88565e-07 0.000507534 0.000712955 2.47085e-07 
0.55082 0.00468924 0.0027107 0.00012675 0.00445625 0.282982 0.000232873 0.122764 0.0312175 
0.000132654 0.00120059 0.793904 3.00149e-08 0.000375949 0.00331749 0.198564 0.00194512 0.000559709 
2.84762e-05 0.000123372 0.0994193 6.03942e-06 0.770326 0.000752848 0.129034 0.000309348 4.62998e-07 
0.00024935 0.000249791 0.499031 0.000249002 0.199773 0.000249725 0.299698 0.000249954 0.000249998 
0.00477763 0.00478608 0.00477842 0.00477097 0.00477865 0.961748 0.00478129 0.00478921 0.00479005 
0.000160803 0.418989 0.160991 0.000160579 0.000160838 0.257833 0.000160927 0.000161193 0.161383 
0.000178285 0.0001786 0.89175 0.107 0.000178323 0.000178553 0.000178422 0.000178717 0.000178749 
0.00267074 0.0146913 0.149853 2.65092e-08 0.00399474 0.737534 0.000107493 0.084156 0.00699323 
1.22601e-05 0.452224 0.00970216 1.75374e-08 0.0217561 0.495574 0.000877008 0.000428592 0.0194262 
1.88868e-06 0.291985 0.274185 4.75044e-06 0.415398 0.000730183 0.0174576 0.000233084 4.29239e-06 
0.000178285 0.0001786 0.89175 0.107 0.000178323 0.000178553 0.000178422 0.000178717 0.000178749 
0.0010867 0.000219148 0.458087 6.88602e-09 7.48525e-05 0.0947092 6.84587e-06 0.000137494 0.445679 
0.000196817 0.00178129 0.00293742 4.45327e-08 0.00055779 0.989345 0.00146571 0.00288594 0.000830432 
0.000178285 0.0001786 0.89175 0.107 0.000178323 0.000178553 0.000178422 0.000178717 0.000178749 
0.000484218 0.000574642 0.00208674 6.97389e-08 0.000291331 0.993458 3.01976e-07 0.00240417 0.000700484 
1.61603e-05 0.000411197 0.0002377 1.38801e-07 0.841225 0.0838405 6.01021e-07 0.0675282 0.00674025 
1.87099e-06 0.0227484 0.000155397 5.59232e-10 0.977094 3.05979e-09 2.42152e-09 3.85502e-09 4.00937e-09 
0.000178285 0.0001786 0.89175 0.107 0.000178323 0.000178553 0.000178422 0.000178717 0.000178749 
1.64762e-08 3.07488e-05 1.77573e-08 4.18354e-06 0.147646 0.795881 2.26156e-08 0.0562806 0.000157308 
7.84322e-05 0.994502 0.00117057 1.77464e-08 0.000222281 0.00196148 0.000584088 0.00115006 0.00033093 
0.000178285 0.0001786 0.89175 0.107 0.000178323 0.000178553 0.000178422 0.000178717 0.000178749 
7.41629e-05 0.000671211 0.00110686 1.67804e-08 0.000210181 0.00185471 0.994682 0.00108746 0.000312916 
0.000708473 0.994328 0.00070859 0.000707485 0.000708624 0.000709539 0.000709016 0.00071019 0.000710314 
0.00164142 0.00164433 0.658319 0.00163914 0.00164178 0.00164389 0.330179 0.0016454 0.00164569 
3.7856e-05 0.0303764 0.0227552 3.78032e-05 0.946641 3.7913e-05 3.78851e-05 3.79478e-05 3.79544e-05 
0.598425 0.00345222 0.0971282 6.65738e-07 0.00108197 0.233681 0.0028403 0.00559155 0.0577995 
0.000207765 0.000208132 0.000207799 0.000207475 0.498951 0.499594 0.000207924 0.000208268 0.000208305 
0.000178285 0.0001786 0.89175 0.107 0.000178323 0.000178553 0.000178422 0.000178717 0.000178749 
0.000178285 0.0001786 0.89175 0.107 0.000178323 0.000178553 0.000178422 0.000178717 0.000178749 
0.000621367 0.000622466 0.00062147 0.000620501 0.995024 0.000622302 0.000621844 0.000622873 0.000622982 
4.20244e-07 0.000940985 0.000181621 1.33216e-07 4.63366e-07 0.000146505 5.76837e-07 0.0025722 0.996157 
5.4733e-05 0.130645 0.265594 6.2129e-07 0.0478009 0.00132406 0.423379 0.130974 0.000227194 
3.27756e-06 6.11066e-06 0.994722 0.000208834 3.61387e-06 5.68466e-06 0.00360357 0.00143958 7.44886e-06 
0.000178285 0.0001786 0.89175 0.107 0.000178323 0.000178553 0.000178422 0.000178717 0.000178749 
0.00164142 0.00164433 0.658319 0.00163914 0.00164178 0.00164389 0.330179 0.0016454 0.00164569 
1.71244e-07 0.267237 0.671039 5.42839e-08 0.0604504 2.9701e-07 0.000252806 3.74202e-07 0.00102027 
9.54716e-07 0.999989 1.02895e-06 3.02642e-07 1.05268e-06 1.65588e-06 1.31047e-06 2.08624e-06 2.16977e-06 
1.31502e-07 2.45172e-07 0.999069 0.000720236 7.02322e-05 2.2808e-07 1.80503e-07 0.000139188 2.98863e-07 
0.000708473 0.994328 0.00070859 0.000707485 0.000708624 0.000709539 0.000709016 0.00071019 0.000710314 
1.97039e-06 0.00734734 0.000215631 2.23777e-09 0.992433 1.22437e-08 9.68972e-09 1.54259e-08 2.40467e-06 
0.115016 0.642793 3.10125e-05 2.27473e-08 0.240896 0.000721993 9.84976e-08 0.000313769 0.000228482 
4.72852e-06 0.474079 7.93218e-06 7.6015e-09 0.525893 1.49127e-05 3.29152e-08 5.24003e-08 5.44984e-08 
0.000178285 0.0001786 0.89175 0.107 0.000178323 0.000178553 0.000178422 0.000178717 0.000178749 
0.470334 0.00073021 5.64035e-05 4.13712e-08 0.000546971 0.526558 0.000788398 0.000570662 0.000415548 
0.0447307 0.6851 0.000312512 6.37459e-08 0.105204 0.0907516 2.76025e-07 0.0139102 0.059991 
1.83595e-07 0.000645777 1.9787e-07 5.81991e-08 0.291521 0.7069 3.82671e-05 0.000701723 0.00019233 
0.20881 0.10992 3.24421e-05 3.23129e-07 0.278076 0.000733164 1.39918e-06 0.38371 0.0187164 
0.000138559 0.000138804 0.0278549 0.000138366 0.332752 0.555209 0.000138665 0.000138895 0.0834904 
0.00024935 0.000249791 0.499031 0.000249002 0.199773 0.000249725 0.299698 0.000249954 0.000249998 
0.000262342 0.000262806 0.000262386 0.000261976 0.47258 0.315547 0.210297 0.000262978 0.000263024 
5.77141e-06 9.74353e-08 0.0338332 1.65666e-08 0.313426 0.368835 5.62223e-05 1.142e-07 0.283844 
1.78463e-05 0.053259 0.00623512 1.07058e-06 0.0200338 0.91632 1.37842e-05 0.004097 2.2578e-05 
0.243619 3.93564e-05 3.92935e-05 0.0235786 3.92954e-05 3.93461e-05 3.93171e-05 0.630154 0.102451 
5.44833e-05 0.643651 0.00046397 2.43044e-07 0.0515093 0.304316 1.0524e-06 1.6754e-06 1.74249e-06 
0.0389112 0.216214 5.343e-05 1.87385e-07 0.742659 0.00123294 8.11395e-07 0.000536492 0.000390985 
6.30883e-08 0.000331216 0.0134672 1.99988e-08 0.0839151 0.890696 1.03865e-05 0.0113415 0.000238896 
7.58294e-05 0.000493934 0.000652374 5.99442e-08 0.000208714 0.998568 2.59564e-07 4.13221e-07 4.29766e-07 
4.69322e-07 0.000525878 0.000405155 1.48774e-07 0.998638 8.14002e-07 6.44202e-07 1.02556e-06 0.000427716 
1.19712e-06 0.000448614 1.2902e-06 3.79484e-07 1.31996e-06 0.99954 1.6432e-06 2.61594e-06 2.72068e-06 
9.55641e-05 0.996595 0.000822155 7.55448e-08 0.000263032 0.00157109 0.000131173 0.000521282 5.41613e-07 
1.05728e-07 1.97119e-07 0.000774966 3.35155e-08 7.00629e-05 0.998969 1.45125e-07 0.00018506 2.40287e-07 
1.91254e-05 0.27208 0.14157 1.90987e-05 0.156881 0.111113 0.0115032 0.145724 0.16109 
0.000100849 0.275588 0.0860431 9.53042e-08 0.511355 0.0333733 6.91095e-05 0.0630233 0.0304475 
5.94393e-05 0.0001662 1.28377e-05 9.41631e-09 0.149517 0.71759 1.63501e-05 0.000129886 0.132508 
0.00018461 0.000184936 0.000184641 0.000184352 0.221765 0.443915 0.0740853 0.000185057 0.259311 
2.7452e-07 0.00649721 0.0209256 7.67967e-05 0.000563589 0.329509 0.000148003 0.310071 0.332209 
0.000445974 0.998804 6.00059e-07 1.76494e-07 0.000491735 9.6567e-07 7.64233e-07 1.21664e-06 0.000254337 
5.76784e-05 1.73416e-08 1.00247e-08 1.77207e-06 1.64197e-05 1.61326e-08 1.27674e-08 0.845916 0.154008 
0.000138525 0.00013877 0.000138548 0.000138332 0.415803 0.138872 0.000138631 0.444493 0.000138885 
1.92112e-05 3.58172e-05 2.07049e-05 0.980478 2.11825e-05 3.33203e-05 0.0105742 4.19801e-05 0.00877587 
1.97609e-05 0.000177418 0.000292174 6.73914e-08 5.56594e-05 0.75966 0.000145954 0.226037 0.0136128 
0.000190179 0.0609429 0.030028 2.30843e-08 6.44603e-05 0.0214833 0.0272586 0.0613165 0.798716 
8.55621e-06 0.305082 0.21259 6.15248e-09 0.340594 0.101589 6.36377e-05 0.0278851 0.0121874 
5.4126e-07 1.00912e-06 5.83345e-07 1.71578e-07 5.968e-07 0.00112747 0.000149332 0.998719 1.23011e-06 
0.502585 0.160548 0.000622272 1.25844e-05 0.273287 0.00483405 0.0296176 2.027e-06 0.0284909 
2.86574e-05 0.0189145 0.0055852 7.61078e-08 0.0133017 0.0250165 0.892602 7.73199e-05 0.0444741 
6.71031e-05 0.999855 1.8035e-07 5.30459e-08 1.8451e-07 2.90236e-07 2.29693e-07 3.65668e-07 7.64422e-05 
0.991034 0.000595552 2.15035e-07 3.80119e-05 0.000176217 3.46054e-07 2.73868e-07 0.00697632 0.00117942 
0.000190179 0.0609429 0.030028 2.30843e-08 6.44603e-05 0.0214833 0.0272586 0.0613165 0.798716 
0.0373045 0.00019777 0.000163228 9.65296e-06 0.960851 0.000623502 0.000353214 0.000496207 4.57163e-07 
0.000276834 0.000277323 0.443283 0.000276448 0.000276893 0.554778 0.000277046 0.000277505 0.000277553 
0.157546 0.000546167 0.10157 2.68041e-05 0.107354 2.08311e-06 0.631583 0.00136873 2.72959e-06 
1.34329e-08 1.00427e-05 0.295479 7.66899e-06 5.62977e-05 0.000172431 0.00887621 0.695399 3.05288e-08 
0.000621367 0.000622466 0.00062147 0.000620501 0.995024 0.000622302 0.000621844 0.000622873 0.000622982 
3.77749e-05 0.000341881 0.000563776 8.54711e-09 0.000107056 0.000944695 0.000281311 0.997564 0.000159384 
1.47549e-05 0.0538582 0.0105246 5.59446e-08 0.320123 0.000442795 2.42245e-07 0.261264 0.353772 
0.000621367 0.000622466 0.00062147 0.000620501 0.995024 0.000622302 0.000621844 0.000622873 0.000622982 
0.111012 0.111208 0.11103 0.110857 0.111036 0.111179 0.111097 0.111281 0.1113 
0.205111 0.794013 1.70319e-05 1.24926e-08 0.000165166 0.000396513 5.40942e-08 0.00017232 0.000125481 
0.00045215 0.00045295 0.000452225 0.00045152 0.000452247 0.181585 0.633949 0.181751 0.000453326 
3.53827e-07 6.59673e-07 3.81338e-07 1.12162e-07 0.999996 6.13685e-07 4.85671e-07 7.7318e-07 8.04137e-07 
7.24505e-05 0.000471925 0.997906 5.72731e-08 0.000199413 0.0011911 2.47998e-07 0.000158317 4.10615e-07 
5.67923e-07 0.00124431 0.0712984 1.8003e-07 0.909399 0.00130076 7.79545e-07 0.0156525 0.00110348 
1.3518e-05 0.000122344 0.323002 3.05864e-09 3.83106e-05 0.676468 0.000100669 0.000198215 5.70365e-05 
0.000265428 3.8534e-06 2.22755e-06 6.55182e-07 0.997665 3.58477e-06 2.83699e-06 4.51644e-06 0.00205232 
7.2175e-06 0.011502 0.0622452 1.66491e-08 0.000177812 0.000217565 7.20919e-08 0.925834 1.64031e-05 
0.000207765 0.000208132 0.000207799 0.000207475 0.498951 0.499594 0.000207924 0.000208268 0.000208305 
3.53827e-07 6.59673e-07 3.81338e-07 1.12162e-07 0.999996 6.13685e-07 4.85671e-07 7.7318e-07 8.04137e-07 
1.03904e-05 9.40379e-05 0.465372 2.35097e-09 2.94468e-05 0.000259848 0.0465039 0.487687 4.38402e-05 
0.000754101 0.00210856 0.000162871 4.79049e-05 0.00157944 0.00379176 5.17289e-07 0.990355 0.00119994 
0.12114 0.000336346 2.60975e-05 5.88356e-08 0.641807 0.236236 2.54763e-07 0.000262947 0.00019156 
0.000190796 0.000533489 4.12082e-05 3.02257e-08 0.0803228 0.000959355 1.3088e-07 0.917649 0.000303598 
0.111012 0.111208 0.11103 0.110857 0.111036 0.111179 0.111097 0.111281 0.1113 
2.45707e-05 0.2613 0.000847766 6.89608e-08 0.174351 0.00582149 8.38676e-05 4.75376e-07 0.557571 
0.011313 0.000137571 0.00023803 5.77302e-05 0.000121901 4.40366e-07 3.48506e-07 0.15689 0.831241 
0.499871 1.86077e-06 0.000611418 3.16381e-07 0.163926 0.169545 1.36996e-06 0.16604 2.26827e-06 
0.000441877 1.32855e-07 7.67996e-08 1.35759e-05 7.85709e-08 1.23593e-07 9.78116e-08 0.999123 0.00042123 
0.658066 0.330437 0.00164133 0.00163877 0.00164141 0.00164353 0.00164232 0.00164504 0.00164532 
0.00850931 3.20075e-06 0.0112414 0.0920902 0.000115507 0.00857081 0.00565285 0.873813 3.90169e-06 
0.00244072 0.980459 0.00244113 0.00243732 0.00244124 0.00244439 0.00244259 0.00244664 0.00244707 
1.39516e-06 0.242652 3.00668e-05 2.26688e-09 0.757316 1.2403e-08 9.81579e-09 1.56266e-08 1.62522e-08 
0.922506 5.92789e-07 0.0520145 1.0079e-07 0.000151412 0.0247956 3.18336e-05 0.000499657 7.22606e-07 
3.20238e-05 3.72921e-08 2.15575e-08 6.34066e-09 0.958159 0.0417072 2.19919e-05 6.1236e-05 1.82291e-05 
2.15115e-07 0.000102312 0.083514 0.0247766 0.0107641 0.86347 0.0144014 0.00297107 4.8889e-07 
1.69624e-07 0.000473056 0.997918 0.000298359 0.000279767 0.00074098 5.51873e-05 0.000233668 3.85502e-07 
7.23393e-07 1.34869e-06 7.7964e-07 2.29313e-07 0.940255 1.25467e-06 9.92947e-07 1.58075e-06 0.0597378 
0.000246216 1.251e-06 0.000848019 7.7453e-06 7.39848e-07 1.16379e-06 9.21025e-07 0.998658 0.000235544 
0.223969 0.000383333 0.115382 2.01658e-07 0.306187 0.353069 8.73195e-07 0.00100689 1.44577e-06 
0.243619 3.93564e-05 3.92935e-05 0.0235786 3.92954e-05 3.93461e-05 3.93171e-05 0.630154 0.102451 
7.03403e-05 3.61045e-05 0.0857901 3.42191e-08 2.11696e-05 0.914026 1.48172e-07 5.58607e-05 2.45331e-07 
1.5191e-06 0.00736658 0.98495 4.81551e-07 1.67498e-06 0.00421826 2.08516e-06 3.31953e-06 0.0034559 
0.108559 0.163099 0.0217587 5.41765e-05 0.206257 0.315191 5.42938e-05 0.108822 0.076205 
2.77152e-07 0.993763 2.98702e-07 8.78565e-08 0.00623438 4.80699e-07 3.80426e-07 6.05631e-07 6.2988e-07 
0.00019915 0.000830951 0.881696 7.26958e-08 0.000283889 0.0706922 0.00714097 0.0385578 0.000599407 
4.55203e-05 0.000621469 8.16299e-08 4.82592e-06 0.852768 0.000210318 0.145798 1.65508e-07 0.000551005 
0.000451672 0.000452471 0.000451747 0.000451042 0.000451769 0.000452352 0.181259 0.000452767 0.815577 
7.2675e-05 0.00971448 0.00292669 3.95175e-06 0.207741 0.00369171 0.642302 0.00609434 0.127452 
1.50917e-07 0.000112829 0.00110619 0.0173182 0.000632499 0.00193724 0.000165929 0.978727 3.42988e-07 
5.13193e-07 0.00310636 0.00406324 2.79522e-05 0.00183711 0.00486642 0.984564 0.00153364 1.16633e-06 
1.60969e-07 3.00109e-07 1.73485e-07 5.10266e-08 0.85286 2.79188e-07 2.2095e-07 3.51748e-07 0.147138 
0.0161415 2.81908e-05 2.17754e-06 1.5972e-09 0.916483 0.0608843 5.53971e-06 2.20313e-05 0.0064332 
0.30258 0.00062595 0.0998603 3.66812e-05 0.555378 0.000938279 0.00048587 0.000757127 0.0393373 
2.15737e-05 0.000293852 7.53824e-05 1.77436e-05 0.213079 9.95095e-05 0.0185525 0.000366531 0.767494 
5.79051e-07 1.07958e-06 0.000255847 1.83558e-07 0.0196859 0.34641 0.37162 0.00146745 0.260559 
0.000786077 0.00219797 0.000169778 1.24529e-07 0.989493 0.00395254 0.000431917 0.00171772 0.00125082 
0.0161415 2.81908e-05 2.17754e-06 1.5972e-09 0.916483 0.0608843 5.53971e-06 2.20313e-05 0.0064332 
0.000276834 0.000277323 0.443283 0.000276448 0.000276893 0.554778 0.000277046 0.000277505 0.000277553 
1.28391e-05 1.49513e-08 1.72945e-05 2.54213e-09 0.998174 1.67048e-05 0.00177224 1.7524e-08 7.30849e-06 
0.0016388 0.0016417 0.00163907 0.00163651 0.00163915 0.00164127 0.329651 0.00164277 0.658869 
0.000750282 8.73713e-07 5.05069e-07 5.95703e-05 0.994065 8.12804e-07 6.43254e-07 0.00512125 1.06505e-06 
4.55203e-05 0.000621469 8.16299e-08 4.82592e-06 0.852768 0.000210318 0.145798 1.65508e-07 0.000551005 
0.00199513 0.000274121 0.000109082 4.02103e-06 0.551274 0.072745 0.373355 1.5563e-07 0.000243063 
0.156635 9.80084e-05 9.78516e-05 0.0391772 0.313239 9.79826e-05 9.79105e-05 0.490459 9.80897e-05 
0.0445292 0.00266122 5.27692e-09 1.55209e-09 0.00124459 8.4921e-09 9.90378e-05 0.948222 0.00324401 
9.16267e-05 0.000207313 0.0411054 2.3155e-08 0.312271 0.0136408 0.631825 0.000144423 0.000714288 
8.24499e-05 0.000134516 5.5503e-08 3.28131e-06 0.988244 0.000107274 0.0113809 1.12535e-07 4.69334e-05 
3.63705e-07 0.0001944 0.000515217 0.0495413 0.000664897 0.920164 0.0287821 0.000137027 8.26588e-07 
0.111012 0.111208 0.11103 0.110857 0.111036 0.111179 0.111097 0.111281 0.1113 
0.367338 0.00026266 0.05271 0.000261831 0.0527129 0.000262591 0.000262398 0.525927 0.000262878 
0.000166233 0.000166527 0.199678 0.132967 0.000166269 0.26654 0.0667105 0.333439 0.000166665 
0.0301017 0.168729 0.192519 3.00296e-05 0.0301081 0.204824 0.126427 0.156781 0.0904792 
0.0135809 1.58152e-05 9.14231e-06 0.863709 0.0299395 1.47127e-05 1.16436e-05 0.0927003 1.92786e-05 
0.000659691 7.68219e-07 4.44086e-07 1.30618e-07 0.0197183 0.344183 0.634701 0.000361061 0.00037552 
1.33376e-05 0.000120496 0.000198642 0.123951 3.77473e-05 0.875328 9.91429e-05 0.000195195 5.6217e-05 
0.0903715 7.51168e-08 8.72798e-06 5.12151e-06 0.0285828 6.98802e-08 5.53033e-08 0.881032 9.1567e-08 
0.000451672 0.000452471 0.000451747 0.000451042 0.000451769 0.000452352 0.181259 0.000452767 0.815577 
0.367338 0.00026266 0.05271 0.000261831 0.0527129 0.000262591 0.000262398 0.525927 0.000262878 
6.44693e-05 3.18296e-05 1.02164e-08 3.00493e-09 1.67338e-05 1.64412e-08 5.21764e-06 0.999843 3.88e-05 
0.156635 9.80084e-05 9.78516e-05 0.0391772 0.313239 9.79826e-05 9.79105e-05 0.490459 9.80897e-05 
7.28435e-05 8.48273e-08 5.88924e-05 0.00463264 0.000160586 0.000126341 2.50434e-05 0.994923 1.03404e-07 
0.0903715 7.51168e-08 8.72798e-06 5.12151e-06 0.0285828 6.98802e-08 5.53033e-08 0.881032 9.1567e-08 
6.44693e-05 3.18296e-05 1.02164e-08 3.00493e-09 1.67338e-05 1.64412e-08 5.21764e-06 0.999843 3.88e-05 
0.975556 0.00120112 3.85525e-07 1.13393e-07 0.000631463 6.20422e-07 0.000196892 0.0209495 0.00146415 
0.367338 0.00026266 0.05271 0.000261831 0.0527129 0.000262591 0.000262398 0.525927 0.000262878 
4.7084e-06 8.77832e-06 0.00609446 0.957622 5.19154e-06 0.0130743 0.00259161 0.0205878 1.07007e-05 
0.00243873 0.00244304 0.00243914 0.00243533 0.00243925 0.0024424 0.0024406 0.00244464 0.980477 
0.999853 7.82897e-08 4.52571e-08 1.33114e-08 4.63009e-08 7.28319e-08 5.76393e-08 0.000146909 9.54347e-08 
0.43676 1.87567e-08 1.08427e-08 1.91668e-06 1.10928e-08 1.74491e-08 1.38093e-08 0.563178 5.94701e-05 
0.00135382 0.000668715 4.60874e-07 1.35556e-07 0.000351592 7.41681e-07 0.000109863 0.0116566 0.985858 
8.66269e-06 0.00347988 0.00174148 8.65061e-06 0.97737 0.0121547 8.66934e-06 0.00521888 8.68521e-06 
0.000313529 9.46299e-07 5.47029e-07 2.49674e-05 0.994439 0.00162506 0.000214927 0.00213863 0.00124263 
0.965717 6.35721e-08 3.67493e-08 1.0809e-08 3.75969e-08 5.91403e-08 4.68037e-08 0.0342829 7.7494e-08 
0.000166233 0.000166527 0.199678 0.132967 0.000166269 0.26654 0.0667105 0.333439 0.000166665 
0.980421 0.00244926 0.00244534 0.00244152 0.00244546 0.00244861 0.00244681 0.00245086 0.00245129 
2.26162e-06 4.21656e-06 2.43748e-06 7.16928e-07 2.49369e-06 3.92261e-06 0.998985 0.000993358 5.13996e-06 
3.68874e-07 6.87726e-07 0.955399 9.36625e-05 0.00105789 0.00102429 0.0408102 0.00161293 8.38335e-07 
0.000120676 0.00018636 0.000143555 9.61849e-06 0.712352 4.01785e-07 3.17974e-07 0.287036 0.000151623 
8.66269e-06 0.00347988 0.00174148 8.65061e-06 0.97737 0.0121547 8.66934e-06 0.00521888 8.68521e-06 
0.769924 2.16324e-05 2.64298e-08 7.77372e-09 1.1375e-05 4.25332e-08 3.56538e-06 0.230013 2.63698e-05 
0.977775 2.83947e-06 1.64142e-06 0.000193597 0.00537538 2.64153e-06 2.09051e-06 0.0166435 3.4613e-06 
0.000461429 0.000358661 0.995101 6.09209e-08 0.000127353 0.000533651 0.000897158 0.00252014 4.36768e-07 
0.598543 0.000249729 0.000249329 0.00024894 0.000249341 0.399711 0.000249479 0.000249892 0.000249936 
0.000887014 1.15517e-06 4.3857e-05 1.96409e-07 0.345776 0.0146339 0.00060919 0.208217 0.429832 
3.39595e-05 0.000147592 0.14635 0.00575329 0.000324037 0.000156903 0.105776 0.741458 1.28418e-07 
8.76168e-05 0.0527511 0.0701925 8.74947e-05 0.841392 8.77487e-05 8.76841e-05 8.78292e-05 0.0352258 
0.00105318 0.0989632 0.00107214 1.26978e-07 0.652979 0.00129422 8.55537e-05 0.243918 0.000634255 
8.54759e-08 6.34381e-05 9.2122e-08 0.242522 2.47868e-05 0.757364 1.17326e-07 1.86781e-07 2.59063e-05 
0.777891 5.61891e-05 3.31125e-08 9.73929e-09 2.9542e-05 5.32877e-08 9.22569e-06 0.221946 6.84942e-05 
8.66269e-06 0.00347988 0.00174148 8.65061e-06 0.97737 0.0121547 8.66934e-06 0.00521888 8.68521e-06 
0.336765 2.37489e-05 7.62274e-09 2.24206e-09 1.24855e-05 1.22672e-08 3.89302e-06 0.663166 2.89497e-05 
9.593e-07 0.000445312 0.00435963 0.912378 0.00249293 0.00763483 0.0630667 0.00961909 2.18019e-06 
0.000177864 2.36694e-07 2.75019e-05 4.02443e-08 2.81364e-05 2.20193e-07 1.74261e-07 0.999766 2.88528e-07 
0.00770479 0.000375817 5.38325e-09 1.58336e-09 0.00017595 8.66322e-09 1.44009e-05 0.991271 0.000458118 
0.0194884 9.70812e-09 5.61199e-09 3.78374e-05 5.74143e-09 9.03134e-09 7.14741e-09 0.975445 0.00502862 
3.20458e-07 5.97461e-07 3.45375e-07 3.09244e-05 0.0481168 5.5581e-07 4.39869e-07 0.951849 7.28301e-07 
0.497784 0.000622547 0.497861 0.000620582 0.000621582 0.000622383 0.000621925 0.000622955 0.000623064 
0.997054 0.00014474 4.64576e-08 1.36645e-08 7.60943e-05 7.47639e-08 2.37264e-05 0.00252451 0.000176437 
0.000826991 0.000828453 0.993378 0.000825838 0.000827168 0.000828235 0.000827625 0.000828996 0.000829141 
5.79155e-05 2.85938e-05 1.10225e-05 2.16226e-06 1.50327e-05 2.36465e-05 0.00187957 0.997947 3.48557e-05 
0.0020665 0.00568785 0.283764 6.99351e-08 0.000554429 0.00025378 0.000796184 0.703139 0.0037377 
0.511769 2.5819e-07 1.49253e-07 3.4434e-05 1.52695e-07 2.40191e-07 1.90088e-07 0.483916 0.00427968 
8.76168e-05 0.0527511 0.0701925 8.74947e-05 0.841392 8.77487e-05 8.76841e-05 8.78292e-05 0.0352258 
5.8254e-05 0.281887 3.69351e-05 2.71523e-09 0.0151357 4.45833e-05 4.71463e-06 0.702797 3.50595e-05 
0.454082 1.86893e-08 1.08037e-08 3.84828e-05 1.10529e-08 1.73864e-08 1.37596e-08 0.540831 0.00504863 
2.03413e-08 0.0182643 0.059788 1.16131e-05 8.52511e-05 0.00026111 2.23647e-05 0.921447 0.000120243 
0.00055146 0.000552435 0.000551552 0.000550691 0.000551578 0.00055229 0.000551883 0.995585 0.000552894 
8.03554e-05 0.00248748 0.000118004 1.82005e-08 0.861679 0.0129426 7.88095e-08 0.122591 0.000101515 
1.59697e-08 1.19393e-05 0.140582 0.00730294 6.69295e-05 0.328196 0.00704083 0.5168 3.62941e-08 
0.504455 0.000668895 1.46918e-07 4.32127e-08 0.000315625 2.36434e-07 3.10969e-05 0.493714 0.000815378 
0.000147616 4.4382e-08 2.5656e-08 4.53523e-06 5.77714e-05 4.1288e-08 3.26754e-08 0.999649 0.000140718 
0.0157039 0.0050168 0.000370117 1.46207e-08 0.00226835 0.000176038 4.53446e-06 0.970345 0.00611544 
6.44693e-05 3.18296e-05 1.02164e-08 3.00493e-09 1.67338e-05 1.64412e-08 5.21764e-06 0.999843 3.88e-05 
0.812852 0.00011631 0.000116124 0.000115943 0.00011613 0.00011628 0.000116194 0.186334 0.000116407 
0.0467161 0.0146812 2.9602e-05 9.89297e-10 0.00661654 1.40788e-05 1.71778e-06 0.914044 0.0178963 
0.513001 0.000737844 1.18271e-07 9.53221e-06 0.00669762 1.90333e-07 4.23491e-05 0.478612 0.000899427 
4.21995e-05 0.000381926 0.378516 9.54825e-09 0.000119596 0.00105535 0.000314262 0.619392 0.000178053 
0.0467161 0.0146812 2.9602e-05 9.89297e-10 0.00661654 1.40788e-05 1.71778e-06 0.914044 0.0178963 
0.812852 0.00011631 0.000116124 0.000115943 0.00011613 0.00011628 0.000116194 0.186334 0.000116407 
8.35448e-07 0.00187068 0.000361063 2.64834e-07 9.21175e-07 1.44902e-06 1.14676e-06 0.00511354 0.99265 
0.243619 3.93564e-05 3.92935e-05 0.0235786 3.92954e-05 3.93461e-05 3.93171e-05 0.630154 0.102451 
0.0216098 0.949827 0.000196199 0.0115417 0.000100613 0.000945652 0.0155791 0.000199397 1.03175e-06 
0.00722223 8.8921e-06 2.85412e-09 8.39474e-10 4.67485e-06 4.59311e-09 1.45763e-06 0.992752 1.08394e-05 
0.000166233 0.000166527 0.199678 0.132967 0.000166269 0.26654 0.0667105 0.333439 0.000166665 
0.000178034 0.000178349 0.0714034 0.000177786 0.000178072 0.927349 0.000178171 0.000178466 0.000178497 
3.8052e-05 0.0225631 2.41806e-06 1.77361e-09 9.87685e-06 9.70417e-09 3.07963e-06 0.917818 0.0595659 
6.62933e-05 0.000599987 0.000989404 1.20149e-05 0.000187879 0.996399 0.000493689 0.000972064 0.000279712 
