1.68692e-05 0.00013018 0.0713845 0.0029348 2.1253e-06 8.67702e-06 0.867413 0.00870596 1.42055e-07 0.000118325 9.82631e-08 0.00502981 0.00672836 0.0375271 
0.000228484 1.3665e-06 0.0002156 0.00408832 6.56286e-07 1.35331e-06 0.00193861 0.000418373 0.00041531 1.37996e-06 1.51085e-06 0.686841 0.000537624 0.30531 
6.49817e-05 0.453988 0.259357 6.50084e-05 6.47249e-05 6.4844e-05 6.48917e-05 6.48681e-05 0.039056 6.48485e-05 6.48708e-05 6.49477e-05 0.0779936 0.169021 
1.09865e-06 6.93778e-07 6.24385e-07 1.17872e-06 3.33199e-07 6.87081e-07 8.29666e-07 7.58887e-07 1.10892e-06 7.00609e-07 7.67066e-07 9.97056e-07 0.46946 0.53053 
1.35706e-06 0.00341235 0.00175521 1.45596e-06 4.11569e-07 8.48687e-07 1.02481e-06 9.37382e-07 0.000468758 8.65396e-07 9.47485e-07 1.23157e-06 0.99234 0.00201417 
8.69074e-08 0.999351 0.000197615 9.32411e-08 2.63573e-08 5.43507e-08 6.56297e-08 6.00309e-08 5.27196e-05 5.54208e-08 6.06779e-08 7.89498e-05 9.26473e-05 0.000226747 
0.000131501 0.000131227 0.236255 0.000131555 0.157309 0.000131222 0.000131319 0.000131271 0.000131508 0.000131231 0.000131277 0.105277 0.000131418 0.499846 
8.56566e-07 0.00162326 4.86804e-07 9.18991e-07 2.5978e-07 5.35685e-07 6.46852e-07 0.000237259 0.000346693 0.000219039 5.98046e-07 0.99688 7.60316e-07 0.000688235 
0.00265341 2.78799e-06 2.50913e-06 4.73676e-06 1.33898e-06 0.997306 3.33407e-06 3.04964e-06 4.45627e-06 2.81544e-06 3.08251e-06 4.00674e-06 3.91889e-06 4.42868e-06 
0.000591398 0.000256576 0.0359735 0.000569058 0.935257 5.45829e-07 0.000159925 0.00725139 0.000341479 9.70367e-05 6.0937e-07 0.000498431 0.00502364 0.0139795 
3.03748e-07 0.45171 0.000188517 0.000298994 9.21208e-08 5.82217e-05 0.000270517 2.09812e-07 8.05873e-05 0.000236891 1.87228e-05 0.546989 4.38458e-05 0.000103307 
0.00163209 0.00162869 0.00162811 0.00163276 0.00162564 0.978809 0.00162983 0.00162924 0.00163218 0.00162875 0.00162931 0.00163124 0.00163106 0.00163212 
2.65604e-06 1.67724e-06 1.50948e-06 2.84961e-06 8.05524e-07 0.99933 2.00576e-06 1.83465e-06 2.68086e-06 1.69375e-06 1.85442e-06 0.000644973 2.35758e-06 2.66427e-06 
0.998935 1.74642e-06 1.57174e-06 2.96715e-06 8.3875e-07 0.00103947 2.08849e-06 1.91032e-06 2.79145e-06 1.76362e-06 1.93091e-06 2.50986e-06 2.45483e-06 2.77416e-06 
0.000503271 1.76462e-07 0.000222495 0.000479989 0.000135683 1.74758e-07 0.760491 1.93022e-07 0.000395156 0.235723 1.95103e-07 0.00106537 0.00019868 0.000785138 
4.20102e-07 0.000628337 0.000377073 0.0208148 1.01822e-05 0.663952 0.179716 0.131555 0.000356283 0.000571099 2.93311e-07 0.000301257 0.000353507 0.00136392 
5.79638e-07 0.00014779 0.0572762 0.00410343 0.00295635 3.62498e-07 0.909308 4.00382e-07 5.85056e-07 0.00825226 4.04697e-07 7.51796e-05 0.000129165 0.0177488 
7.00014e-08 0.530768 0.000198956 0.000315508 2.12301e-08 6.13329e-05 0.000285512 4.83531e-08 8.48576e-05 0.000250028 1.95986e-05 0.46796 6.21355e-08 5.62448e-05 
0.0803702 0.132203 0.337079 0.0129549 0.00140294 1.71897e-06 0.268998 0.000401233 0.157407 0.00644293 0.000271011 0.0010081 0.000393832 0.00106593 
9.3192e-07 0.00058908 5.29629e-07 0.000800869 2.82633e-07 5.82811e-07 7.03757e-07 6.4372e-07 9.40632e-07 0.000832594 6.50658e-07 8.45745e-07 0.99777 9.34808e-07 
0.000103773 0.000147342 0.000235684 0.0891797 7.89753e-06 8.10214e-08 0.000215335 0.0431874 1.30765e-07 6.61758e-05 0.000144816 0.866071 6.91127e-05 0.000571934 
2.4374e-07 0.000615824 0.000692749 0.00109857 7.39215e-08 0.000213557 0.995126 1.68362e-07 0.000295468 0.000870579 6.82409e-05 0.00101774 2.16351e-07 2.44495e-07 
2.69813e-07 0.129599 0.00782737 7.21268e-05 0.168592 1.68737e-07 0.0596433 0.047929 0.0999425 0.00306194 0.000124853 0.0163096 0.442292 0.0246052 
0.0314057 0.000155922 0.34306 0.000156312 0.155786 0.000155916 0.374631 0.000155974 0.000156256 0.0937121 0.000155981 0.000156166 0.000156149 0.000156251 
1.96477e-06 0.00496413 0.00558421 0.00885555 5.95877e-07 0.00172147 0.00801365 1.35716e-06 0.955082 0.00701769 0.000550086 0.00820399 1.744e-06 1.97086e-06 
4.57172e-05 0.000114606 0.996316 4.9429e-07 0.00189863 2.88124e-07 1.74361e-05 3.18236e-07 4.6502e-07 0.00148588 2.76197e-05 3.57262e-05 5.68106e-05 4.62141e-07 
0.000377018 1.54003e-07 0.0354276 2.61649e-07 0.106791 1.52516e-07 0.0895975 0.0544827 0.000217558 0.000314251 1.70271e-07 0.711813 0.000276341 0.000702344 
0.224543 0.000101805 0.223993 0.122574 0.0204246 0.000101802 0.183481 0.00010184 0.000102024 0.162996 0.000101844 0.000101965 0.0612741 0.00010202 
0.00467559 0.00466584 0.00466417 0.00467751 0.00465711 0.00466568 0.00466911 0.00466742 0.00467583 0.004666 0.00466761 0.9393 0.00467263 0.00467568 
0.051182 3.06734e-05 0.0467506 0.00770712 0.649965 2.31307e-07 0.197461 0.0311506 1.44946e-05 0.00893843 2.58234e-07 0.000671726 0.00612666 3.71008e-07 
7.02942e-08 4.43895e-08 0.999138 7.54171e-08 0.000861303 4.39611e-08 5.3084e-08 4.85554e-08 7.09513e-08 4.48266e-08 4.90787e-08 6.3794e-08 6.23954e-08 7.0512e-08 
9.8388e-08 0.484965 5.59159e-08 1.05558e-07 2.98392e-08 6.15306e-08 0.000104094 4.08446e-05 9.93077e-08 3.77079e-05 6.86935e-08 0.514773 8.73324e-08 7.9053e-05 
0.00788404 0.00166065 0.00239038 0.00676745 7.96759e-07 1.64298e-06 1.98393e-06 0.0188745 2.65169e-06 0.00301726 1.83424e-06 0.958925 0.000468717 2.63528e-06 
7.1253e-05 6.4265e-05 0.999531 5.45653e-08 1.85249e-05 3.18064e-08 3.8407e-08 2.81395e-05 1.03182e-05 4.54381e-05 3.55091e-08 3.69708e-05 4.51439e-08 0.000193913 
9.78428e-07 0.107744 0.000728214 0.00115494 2.96738e-07 0.000224815 0.00104498 6.75845e-07 0.000311148 0.875175 0.0125441 0.0010699 8.68485e-07 9.8146e-07 
0.00110052 0.000515313 0.000625443 0.845885 0.144781 4.70802e-07 0.000680074 5.20004e-07 0.00171358 0.000510529 0.00391947 6.83203e-07 0.0002669 7.55149e-07 
0.000439989 1.67241e-07 0.995473 0.000257613 0.00324502 1.65627e-07 0.000271891 1.82936e-07 2.67314e-07 0.000204104 1.84908e-07 2.40349e-07 0.000106684 2.65659e-07 
1.5336e-07 9.68444e-08 0.998119 1.64537e-07 0.0018791 9.59096e-08 1.15813e-07 1.05933e-07 1.54794e-07 9.7798e-08 1.07075e-07 1.39179e-07 1.36128e-07 1.53836e-07 
0.0070991 9.33754e-07 8.40359e-07 1.58643e-06 0.988032 9.24741e-07 0.0022344 1.02138e-06 1.49249e-06 0.0007553 1.03239e-06 0.00134328 0.000526319 1.48325e-06 
1.41136e-06 0.00218431 8.02107e-07 1.51422e-06 4.28039e-07 8.82649e-07 1.06582e-06 9.74893e-07 1.42456e-06 0.000327894 9.85401e-07 0.00167481 1.25277e-06 0.995802 
7.16327e-05 8.82177e-05 0.0109267 6.01781e-05 0.00122225 6.02938e-06 0.0642817 0.0109615 3.54457e-07 0.0619155 2.45186e-07 0.0121819 0.180803 0.657481 
0.89977 0.000199282 0.000286537 0.000810726 0.000191884 7.72837e-07 9.33218e-07 0.002259 1.24733e-06 0.000361608 8.62805e-07 0.0960594 5.69008e-05 1.2396e-06 
1.38921e-06 8.77261e-07 7.89516e-07 0.000464959 4.2132e-07 8.68793e-07 1.04909e-06 9.5959e-07 0.999523 8.85899e-07 9.69932e-07 1.26075e-06 1.23311e-06 1.39351e-06 
2.565e-06 0.166322 1.45774e-06 2.75193e-06 7.77913e-07 1.60411e-06 0.331065 0.000230533 2.58897e-06 0.000212829 0.000708974 0.176212 2.27677e-06 0.325234 
1.33295e-06 8.41734e-07 7.57543e-07 1.43009e-06 0.259535 8.3361e-07 1.0066e-06 0.740452 1.34541e-06 8.50022e-07 9.30653e-07 1.20969e-06 1.18317e-06 1.33708e-06 
1.54414e-06 9.75098e-07 8.77568e-07 1.65668e-06 4.68308e-07 9.65687e-07 1.16609e-06 1.06661e-06 0.999985 9.847e-07 1.07811e-06 1.40135e-06 1.37063e-06 1.54893e-06 
1.16621e-06 0.0258595 0.560545 0.294161 0.0611284 7.29333e-07 0.000156546 0.0556406 1.17711e-06 0.00129857 0.000105484 0.00039221 0.00029428 0.000414716 
9.8095e-07 0.199714 0.000471843 0.000534868 1.28724e-05 5.24742e-05 0.00078353 0.000573484 9.90119e-07 0.117812 6.84889e-07 0.000377178 0.677959 0.00170623 
0.978856 0.00162531 0.00162473 0.00162938 0.00162227 0.00162526 0.00162646 0.00162586 0.0016288 0.00162537 0.00162593 0.00162786 0.00162768 0.00162874 
0.00024938 0.00024886 0.000248771 0.0501461 0.000248394 0.0500191 0.299091 0.298982 0.299521 0.000248869 0.000248955 0.00024925 0.000249222 0.000249385 
0.000736246 0.000928758 0.000209707 1.86656e-06 5.27639e-07 1.08803e-06 1.31382e-06 0.154242 1.75603e-06 0.718333 1.21469e-06 0.124066 1.54428e-06 0.00147532 
4.49938e-06 2.84128e-06 2.55709e-06 4.82729e-06 1.36457e-06 0.00169113 3.39779e-06 0.998266 4.54144e-06 2.86925e-06 3.14142e-06 4.08332e-06 3.9938e-06 4.51332e-06 
2.28584e-09 9.71784e-05 0.000303966 0.00355941 0.858411 1.42954e-09 3.45752e-05 0.000591658 0.135099 5.53942e-08 0.00122698 0.000161335 2.54854e-06 0.000512004 
0.0673343 0.0671941 4.1955e-05 4.20751e-05 4.18915e-05 4.19686e-05 4.19995e-05 4.19843e-05 4.206e-05 4.19715e-05 0.814567 0.050485 4.20311e-05 4.20586e-05 
0.000276863 0.000276285 0.000276186 0.221858 0.000275768 0.000276276 0.000276479 0.000276379 0.000276877 0.000276295 0.221389 0.553712 0.000276687 0.000276868 
1.74139e-06 0.00272913 0.0278925 0.0325814 0.118048 0.000584561 0.134351 0.025929 0.000218874 0.00428513 6.30682e-06 0.493963 0.000104325 0.159305 
0.00201178 0.000881968 0.00146972 1.89781e-06 5.3647e-07 1.10624e-06 0.000352463 0.992801 0.000581444 9.9964e-05 1.23502e-06 0.000142261 0.00165244 1.77437e-06 
1.27176e-06 8.03092e-07 7.22765e-07 0.00109292 0.000154665 7.9534e-07 9.60391e-07 8.7846e-07 1.28364e-06 8.10999e-07 0.996433 0.00230946 1.12885e-06 1.2757e-06 
1.09865e-06 6.93778e-07 6.24385e-07 1.17872e-06 3.33199e-07 6.87081e-07 8.29666e-07 7.58887e-07 1.10892e-06 7.00609e-07 7.67066e-07 9.97056e-07 0.46946 0.53053 
7.06353e-08 0.0893439 0.000168642 0.000757907 0.00065983 4.41744e-08 0.021454 0.000429409 0.00084136 9.05387e-06 0.0237511 0.000500072 6.26982e-08 0.862085 
0.000514325 1.15954e-07 1.04356e-07 1.97004e-07 5.56889e-08 1.14835e-07 0.999162 0.000177697 1.85338e-07 4.69552e-05 1.28203e-07 1.66642e-07 9.7956e-05 1.84191e-07 
1.27176e-06 8.03092e-07 7.22765e-07 0.00109292 0.000154665 7.9534e-07 9.60391e-07 8.7846e-07 1.28364e-06 8.10999e-07 0.996433 0.00230946 1.12885e-06 1.2757e-06 
0.007591 5.43808e-05 0.827627 0.000176593 0.0321348 2.73693e-07 0.0397873 0.0924833 6.16542e-05 4.37529e-05 3.05555e-07 3.92749e-05 3.88462e-07 4.38995e-07 
7.63457e-07 0.00289314 0.00173599 0.00196665 4.65399e-05 0.00019146 0.00288328 0.00210994 7.70594e-07 0.00262952 5.33038e-07 0.00138641 0.977874 0.00628052 
1.62909e-06 1.02874e-06 9.25845e-07 1.74782e-06 4.94071e-07 1.01881e-06 1.23024e-06 1.12529e-06 1.64432e-06 0.999392 1.13741e-06 0.000592857 1.44603e-06 1.63414e-06 
0.00115562 2.60532e-07 2.34473e-07 4.4264e-07 1.25125e-07 2.58017e-07 0.998117 0.00039926 4.16429e-07 0.000105502 2.88054e-07 3.74422e-07 0.000220094 4.13851e-07 
0.00467305 0.0046633 0.00466164 0.00467498 0.00465458 0.00466315 0.00466658 0.00466488 0.939335 0.00466347 0.00466508 0.00467061 0.00467009 0.00467314 
1.25221e-06 0.00209299 0.00235437 0.102576 0.000148975 0.000725983 0.00337863 8.64955e-07 0.0010045 0.00295871 0.652447 0.232309 1.1115e-06 1.25609e-06 
4.33398e-06 0.00328693 0.990655 4.64983e-06 0.000789964 2.71041e-06 3.27288e-06 2.99368e-06 0.00175417 2.76378e-06 3.02594e-06 3.93321e-06 3.84698e-06 0.00348227 
9.34002e-07 0.0043872 0.0124989 0.692613 0.114814 0.000241932 0.0840499 0.000150639 0.0602756 0.0222563 7.54351e-06 0.00860919 8.29051e-07 9.4996e-05 
0.00190873 2.41054e-06 2.16943e-06 0.769955 1.1577e-06 2.38727e-06 2.88269e-06 2.63676e-06 3.85296e-06 2.43428e-06 0.000706976 0.227402 3.38834e-06 3.8291e-06 
0.000635628 2.26332e-06 2.03694e-06 0.000759544 0.32933 2.24148e-06 2.70664e-06 2.47573e-06 3.61765e-06 2.28561e-06 0.335044 0.334206 3.1814e-06 3.59525e-06 
0.00122942 0.00122686 0.00122642 0.00122993 0.00122456 0.00122681 0.246772 0.00122727 0.00122948 0.0012269 0.00122732 0.738495 0.00122864 0.00122944 
2.81629e-07 1.77843e-07 0.999546 3.02153e-07 3.42504e-05 1.76127e-07 0.00021289 1.94534e-07 2.84261e-07 1.79595e-07 1.9663e-07 0.000204724 2.49983e-07 2.82501e-07 
0.000235131 2.47056e-07 0.000222568 0.000336216 1.18653e-07 2.44672e-07 0.00200933 0.000432657 3.9489e-07 2.49489e-07 0.000218797 0.99536 0.000555979 0.000628305 
0.000604224 3.28987e-07 2.96082e-07 5.58945e-07 1.58002e-07 3.25812e-07 0.759605 0.239616 5.25847e-07 5.53294e-05 3.63741e-07 4.72801e-07 0.000115291 5.22591e-07 
0.000276863 0.000276285 0.000276186 0.221858 0.000275768 0.000276276 0.000276479 0.000276379 0.000276877 0.000276295 0.221389 0.553712 0.000276687 0.000276868 
0.000497003 0.000495966 0.000495788 0.000497207 0.000495038 0.000495949 0.000496314 0.198949 0.199308 0.198889 0.000496154 0.397891 0.000496688 0.000497012 
0.000319813 0.000101611 1.13921e-06 2.15061e-06 6.07933e-07 1.2536e-06 0.00354014 1.38462e-06 2.02326e-06 0.325581 1.39954e-06 1.81916e-06 1.77928e-06 0.670444 
7.56488e-07 0.689144 0.310322 8.1162e-07 9.20007e-05 4.73098e-07 5.71276e-07 5.2254e-07 7.63559e-07 0.000193447 0.000106163 0.000137993 6.71483e-07 7.58832e-07 
0.000355915 0.000355172 0.000355045 0.000356061 0.000354508 0.213452 0.782283 0.000355293 0.000355933 0.000355185 0.000355307 0.000355729 0.000355689 0.000355922 
4.5453e-07 0.00451005 0.0148037 0.107022 0.00430229 2.84257e-07 0.00656427 0.0282204 0.000978533 0.000253612 0.000977069 0.0625025 4.03455e-07 0.769864 
0.999993 4.77378e-07 4.2963e-07 8.11058e-07 2.29269e-07 4.7277e-07 5.70881e-07 5.22179e-07 7.63031e-07 4.82078e-07 5.27807e-07 6.86059e-07 6.71018e-07 7.58307e-07 
2.99226e-06 0.00374769 0.00424552 0.00595572 5.25423e-05 2.64531e-08 0.0283103 0.952495 0.00427967 0.000322219 1.60004e-06 3.98456e-05 3.75458e-08 0.000546491 
0.134058 0.0446224 0.0713434 0.107299 4.44944e-05 4.45763e-05 4.46091e-05 0.46381 4.46733e-05 0.0802874 4.45947e-05 0.0893398 0.00897315 4.46718e-05 
0.000713549 0.991762 0.000253548 0.000191747 1.35169e-07 2.78729e-07 3.36572e-07 3.07859e-07 4.49857e-07 2.84217e-07 0.00603712 0.000485777 0.000554249 4.47072e-07 
0.000140838 0.000204628 0.0218989 0.000365031 6.63085e-08 0.0527697 0.923872 1.51023e-07 9.82765e-05 0.000289244 2.27618e-05 0.000338161 1.9407e-07 2.19315e-07 
3.14761e-05 0.125673 0.157027 0.132285 3.13516e-05 0.0440044 0.169767 3.1421e-05 0.0378047 0.175936 0.0126004 0.144746 3.14561e-05 3.14766e-05 
0.471002 0.0534822 0.000101475 0.000509501 2.26667e-07 4.67405e-07 5.64402e-07 0.434891 7.54371e-07 0.0160086 0.00802916 0.000646199 6.63403e-07 0.0153272 
0.000707395 0.000705919 0.000705666 0.000707686 0.000704598 0.000705895 0.000706415 0.000706158 0.000707431 0.000705944 0.000706187 0.142112 0.283486 0.566634 
0.519452 4.05706e-07 0.0552927 6.89288e-07 8.48841e-05 0.00012006 0.424939 4.4378e-07 6.48471e-07 0.000107254 4.48563e-07 5.83056e-07 5.70273e-07 6.44457e-07 
3.14761e-05 0.125673 0.157027 0.132285 3.13516e-05 0.0440044 0.169767 3.1421e-05 0.0378047 0.175936 0.0126004 0.144746 3.14561e-05 3.14766e-05 
0.994037 5.1963e-06 4.67656e-06 0.00177452 2.49561e-06 0.00412205 6.21408e-06 5.68396e-06 8.30565e-06 5.24746e-06 5.74522e-06 7.46781e-06 7.30409e-06 8.25423e-06 
1.09905e-06 0.000207919 0.00474431 0.0840626 0.00202431 0.0189653 0.291159 0.00140466 0.270331 0.299415 2.36789e-05 0.0252621 0.000677497 0.00172129 
0.0673343 0.0671941 4.1955e-05 4.20751e-05 4.18915e-05 4.19686e-05 4.19995e-05 4.19843e-05 4.206e-05 4.19715e-05 0.814567 0.050485 4.20311e-05 4.20586e-05 
0.000596038 6.26269e-07 0.000226015 1.06402e-06 3.00777e-07 6.20224e-07 7.48934e-07 6.85043e-07 1.00101e-06 6.32435e-07 0.999169 9.00036e-07 8.80304e-07 9.94817e-07 
6.86862e-07 4.33741e-07 3.90358e-07 7.3692e-07 2.08312e-07 4.29555e-07 5.18697e-07 4.74447e-07 0.999993 4.38012e-07 4.79561e-07 6.23348e-07 6.09681e-07 6.88991e-07 
2.11355e-06 0.332539 0.00111407 0.33301 0.000220527 0.000757022 1.59608e-06 0.000168396 2.1333e-06 1.34781e-06 0.000776138 0.331403 1.87605e-06 2.1201e-06 
1.70391e-06 1.07599e-06 2.62212e-09 0.00102694 1.13297e-05 2.88541e-09 3.35915e-07 3.18697e-09 6.16969e-06 2.94222e-09 0.99895 1.16081e-06 7.8558e-07 4.6281e-09 
0.0889044 1.1932e-06 0.000131555 2.02723e-06 5.73055e-07 1.18168e-06 1.42691e-06 1.30518e-06 1.90718e-06 0.000597686 0.910039 1.7148e-06 1.6772e-06 0.000314649 
0.995032 0.000314016 0.000106088 3.33234e-07 9.41983e-08 1.94244e-07 2.34554e-07 2.14544e-07 3.13501e-07 1.98068e-07 0.00420721 0.000338534 2.75697e-07 3.11561e-07 
0.176303 0.000292738 0.117346 0.00029347 0.00029219 0.000292728 0.000292943 0.000292837 0.000293365 0.000292748 0.703129 0.000293196 0.000293164 0.000293355 
2.93247e-06 0.00185366 0.000334983 0.00189086 8.89361e-07 1.83393e-06 0.000445117 2.02559e-06 2.95988e-06 1.87004e-06 0.986042 2.6613e-06 2.60296e-06 0.00941594 
0.000249408 0.547803 0.000248799 0.00024951 0.000248422 0.000248879 0.000249062 0.000248972 0.449208 0.000248896 0.000248982 0.000249277 0.00024925 0.000249413 
0.298748 0.000496048 0.00049587 0.000497289 0.00049512 0.000496031 0.000496396 0.000496216 0.00049711 0.298135 0.298238 0.000496825 0.00049677 0.0999156 
0.0617581 0.00942594 0.0255675 0.000295761 7.58103e-05 5.81965e-07 0.227838 0.07424 0.000224375 5.93423e-07 0.229983 0.370117 0.00012276 0.000349616 
3.99598e-06 0.334506 0.328775 4.28721e-06 0.000681818 0.332851 0.0026285 2.76021e-06 4.03334e-06 2.54824e-06 2.78996e-06 0.000529491 3.54696e-06 4.00837e-06 
0.914647 9.62796e-05 0.0832909 0.000392357 4.61938e-08 9.5255e-08 1.15023e-07 0.00109429 1.53737e-07 0.000174932 1.06344e-07 0.000276596 2.71748e-05 1.52786e-07 
0.0715214 0.0713722 0.0713466 0.0715508 0.0712387 0.0713698 0.0714223 0.0713963 0.0715251 0.0713747 0.0713993 0.071484 0.0714761 0.0715227 
0.308127 1.35323e-06 0.690188 2.29912e-06 6.49914e-07 0.00063951 0.00102909 1.48023e-06 2.16298e-06 1.36656e-06 1.49618e-06 1.94479e-06 1.90215e-06 2.14959e-06 
2.89071e-08 0.0562891 1.31592e-05 1.86393e-05 0.943226 1.80781e-08 2.18297e-08 2.39808e-05 0.000361827 1.8434e-08 3.23123e-05 2.6234e-08 2.56588e-08 3.48249e-05 
0.000178392 0.178198 0.284908 0.000178465 0.000177687 0.000178014 0.000178145 0.00017808 0.142899 0.142599 0.000178088 0.214137 0.035834 0.000178395 
3.61121e-06 0.00580324 2.05232e-06 3.87439e-06 1.09521e-06 2.2584e-06 0.311721 0.00146681 3.64496e-06 0.319895 2.52131e-06 0.0115466 0.349545 3.6224e-06 
4.29345e-07 0.000241434 0.000386096 0.0207825 0.00155319 0.000207714 0.0495825 0.000352024 0.000328112 0.00470009 0.000237312 0.920691 3.811e-07 0.000936858 
0.000309256 0.295832 6.22948e-07 1.176e-06 3.32432e-07 6.855e-07 0.328557 0.00132543 1.10637e-06 0.000136582 0.335899 0.0356649 0.00227063 1.09952e-06 
2.34079e-07 1.47817e-07 1.33032e-07 2.51139e-07 7.09917e-08 1.4639e-07 3.55307e-05 1.61689e-07 2.36267e-07 5.98581e-05 1.63432e-07 2.12434e-07 0.999903 2.34805e-07 
1.70391e-06 1.07599e-06 2.62212e-09 0.00102694 1.13297e-05 2.88541e-09 3.35915e-07 3.18697e-09 6.16969e-06 2.94222e-09 0.99895 1.16081e-06 7.8558e-07 4.6281e-09 
0.00123015 0.00122759 0.00122715 0.00123066 0.00122529 0.00122754 0.00122845 0.001228 0.00123022 0.492278 0.00122805 0.00122951 0.492979 0.00123018 
0.0715214 0.0713722 0.0713466 0.0715508 0.0712387 0.0713698 0.0714223 0.0713963 0.0715251 0.0713747 0.0713993 0.071484 0.0714761 0.0715227 
0.336372 0.332449 1.00847e-06 1.90379e-06 5.38162e-07 1.10973e-06 1.34002e-06 1.22571e-06 1.79106e-06 1.13158e-06 1.23892e-06 1.61038e-06 1.57508e-06 0.331165 
0.564159 7.60756e-07 6.84665e-07 1.29251e-06 0.000160866 7.53414e-07 0.0165609 8.32152e-07 1.21598e-06 0.000123488 8.41121e-07 1.09331e-06 0.320419 0.0985692 
0.0715214 0.0713722 0.0713466 0.0715508 0.0712387 0.0713698 0.0714223 0.0713963 0.0715251 0.0713747 0.0713993 0.071484 0.0714761 0.0715227 
0.000237907 0.000237411 0.379959 0.000238005 0.237204 0.000237403 0.000237578 0.380223 0.000237919 0.000237419 0.000237501 0.000237783 0.000237756 0.000237912 
0.994176 1.48678e-06 0.00040213 2.52602e-06 0.0011966 1.47243e-06 1.77799e-06 1.62631e-06 2.37644e-06 0.0012514 0.00295591 2.13671e-06 2.08987e-06 2.36173e-06 
0.000383344 0.306418 0.000382408 0.000383502 0.000381829 0.000382532 0.000382813 0.000382674 0.000383364 0.688987 0.00038269 0.000383144 0.000383101 0.000383352 
0.134058 0.0446224 0.0713434 0.107299 4.44944e-05 4.45763e-05 4.46091e-05 0.46381 4.46733e-05 0.0802874 4.45947e-05 0.0893398 0.00897315 4.46718e-05 
2.4226e-05 1.52983e-05 1.37681e-05 2.59915e-05 7.34727e-06 1.51506e-05 0.0146541 0.00336354 2.44524e-05 1.54489e-05 1.69143e-05 2.19858e-05 2.15038e-05 0.98178 
2.47704e-06 0.432889 0.0010691 2.65757e-06 7.51239e-07 1.54911e-06 1.87059e-06 0.00018348 2.5002e-06 0.0010665 1.72945e-06 0.16708 2.19871e-06 0.397696 
5.82045e-08 0.000110302 3.30788e-08 6.24464e-08 1.76523e-08 3.64003e-08 0.00707669 4.02045e-08 5.87486e-08 3.7117e-08 4.06378e-08 3.17462e-05 0.992652 0.000128505 
0.000497557 0.000496519 0.794643 0.000497762 0.000495591 0.000496503 0.000496868 0.000496687 0.000497583 0.000496537 0.000496708 0.000497297 0.199394 0.000497567 
8.47602e-05 0.355335 0.135369 0.254469 8.44251e-05 8.45805e-05 8.46428e-05 0.220075 8.47645e-05 8.45864e-05 8.46155e-05 8.47158e-05 8.47065e-05 0.0339895 
6.5304e-07 0.000165366 0.000668416 7.00633e-07 0.000237864 4.08403e-07 4.93155e-07 4.51084e-07 6.59144e-07 4.16444e-07 4.55946e-07 0.000474714 5.79659e-07 0.998449 
1.70391e-06 1.07599e-06 2.62212e-09 0.00102694 1.13297e-05 2.88541e-09 3.35915e-07 3.18697e-09 6.16969e-06 2.94222e-09 0.99895 1.16081e-06 7.8558e-07 4.6281e-09 
1.1766e-07 0.000148674 0.000280914 0.00126247 0.44074 7.35828e-08 0.106854 0.429885 0.00140148 0.0181127 3.29417e-05 0.000832987 1.04439e-07 0.000448611 
0.000711964 3.41467e-07 0.000404622 0.000416909 0.00396566 3.38171e-07 0.131711 0.000157079 5.45793e-07 0.862458 3.77538e-07 4.90736e-07 0.000172702 5.42414e-07 
0.0715214 0.0713722 0.0713466 0.0715508 0.0712387 0.0713698 0.0714223 0.0713963 0.0715251 0.0713747 0.0713993 0.071484 0.0714761 0.0715227 
2.28584e-09 9.71784e-05 0.000303966 0.00355941 0.858411 1.42954e-09 3.45752e-05 0.000591658 0.135099 5.53942e-08 0.00122698 0.000161335 2.54854e-06 0.000512004 
0.564159 7.60756e-07 6.84665e-07 1.29251e-06 0.000160866 7.53414e-07 0.0165609 8.32152e-07 1.21598e-06 0.000123488 8.41121e-07 1.09331e-06 0.320419 0.0985692 
0.0145128 5.08864e-06 4.57966e-06 8.64552e-06 2.44391e-06 0.00302875 0.979746 5.56619e-06 8.13357e-06 0.00103289 5.62619e-06 7.31309e-06 7.15276e-06 0.00162472 
1.66183e-06 1.04942e-06 0.000189835 1.78294e-06 5.04001e-07 0.999794 1.25496e-06 1.1479e-06 1.67737e-06 1.05975e-06 1.16028e-06 1.50816e-06 1.4751e-06 1.66698e-06 
1.18845e-05 0.0166154 1.18554e-05 0.00714548 0.795489 1.18593e-05 1.1868e-05 1.18637e-05 0.147387 1.18601e-05 0.0189945 1.18782e-05 1.18769e-05 0.0142735 
8.89487e-05 0.000102106 0.252806 0.218759 2.46354e-06 3.54083e-05 0.29686 2.79149e-08 4.89895e-05 0.231096 1.13145e-05 0.000168745 2.15589e-05 4.0538e-08 
0.000249926 1.12734e-07 0.99847 0.000146345 0.000801438 1.11645e-07 0.000154446 1.23313e-07 1.80191e-07 0.000115942 1.24642e-07 1.62014e-07 6.06176e-05 1.79075e-07 
0.197339 7.03059e-05 0.267137 7.04819e-05 0.126384 7.03035e-05 0.0704256 0.0422682 0.112801 7.03084e-05 7.03326e-05 0.183153 7.04082e-05 7.04542e-05 
0.000428502 0.000270592 0.0457777 5.73772e-05 1.7077e-07 3.52141e-07 0.000255642 3.88943e-07 5.6834e-07 3.59074e-07 0.00362313 0.949584 4.99805e-07 5.64822e-07 
0.000523194 5.4973e-07 0.00049524 9.33983e-07 0.000105871 5.44424e-07 0.004471 0.000962714 8.78677e-07 5.55143e-07 6.07802e-07 0.00110684 0.990933 0.00139805 
1.55376e-06 9.81174e-07 8.83036e-07 1.667e-06 4.71226e-07 9.71704e-07 1.17335e-06 1.07326e-06 1.56829e-06 9.90835e-07 1.08482e-06 1.41009e-06 1.37917e-06 0.999985 
0.0010035 6.33057e-07 5.69738e-07 1.07555e-06 3.04037e-07 6.26947e-07 7.57052e-07 6.92468e-07 1.01187e-06 6.39291e-07 6.99932e-07 9.09793e-07 0.998585 0.000403246 
5.79228e-06 3.65772e-06 0.000661665 0.999285 1.75669e-06 3.62242e-06 4.37415e-06 4.00099e-06 5.84642e-06 3.69374e-06 4.04411e-06 5.25666e-06 5.14141e-06 5.81023e-06 
0.00024938 0.00024886 0.000248771 0.0501461 0.000248394 0.0500191 0.299091 0.298982 0.299521 0.000248869 0.000248955 0.00024925 0.000249222 0.000249385 
0.000214679 0.000216824 0.000317021 0.000414399 0.000117142 1.34123e-07 0.998458 8.90322e-05 2.16469e-07 5.48421e-05 1.49737e-07 0.000116974 1.90365e-07 2.15129e-07 
0.00296972 1.79842e-06 0.000116819 3.05549e-06 8.63723e-07 0.99643 0.000251095 1.9672e-06 2.87456e-06 0.000212036 1.9884e-06 2.58458e-06 2.52792e-06 2.85676e-06 
0.000150834 0.621024 0.0239868 5.54672e-07 2.82616e-05 3.23321e-07 0.269249 5.18235e-05 5.21827e-07 0.00685873 3.6096e-07 0.0476242 0.0310245 5.18596e-07 
0.224543 0.000101805 0.223993 0.122574 0.0204246 0.000101802 0.183481 0.00010184 0.000102024 0.162996 0.000101844 0.000101965 0.0612741 0.00010202 
0.616666 2.94385e-07 0.000583133 0.000600687 2.84181e-05 2.91544e-07 0.000634036 3.22012e-07 4.70539e-07 0.381236 3.25483e-07 4.23073e-07 0.000248692 4.67626e-07 
0.000637361 0.000574853 0.997839 0.000195724 1.37973e-07 2.8451e-07 3.43552e-07 0.000251709 9.22968e-05 0.000406446 3.1763e-07 4.12866e-07 4.03814e-07 4.56344e-07 
5.79228e-06 3.65772e-06 0.000661665 0.999285 1.75669e-06 3.62242e-06 4.37415e-06 4.00099e-06 5.84642e-06 3.69374e-06 4.04411e-06 5.25666e-06 5.14141e-06 5.81023e-06 
0.000824761 0.000823041 0.000822746 0.0008251 0.000821501 0.000823013 0.494995 0.000823319 0.000824804 0.00082307 0.330165 0.00082433 0.000824239 0.16578 
1.93418e-07 8.85248e-05 0.02124 0.0150497 0.000289751 0.0149084 0.652771 0.194535 0.000112831 0.0803934 1.35042e-07 4.25245e-05 0.0176205 0.00294774 
0.00034718 0.177146 0.0845597 0.0732807 9.62626e-06 4.59642e-05 0.312184 0.000227835 6.36149e-05 0.134551 1.47595e-05 0.0327194 0.184851 1.97215e-07 
0.00242037 0.00241532 0.00241445 0.00242136 0.0024108 0.00241524 0.00241701 0.00241613 0.00242049 0.968574 0.00241623 0.0024191 0.00241883 0.00242041 
1.55376e-06 9.81174e-07 8.83036e-07 1.667e-06 4.71226e-07 9.71704e-07 1.17335e-06 1.07326e-06 1.56829e-06 9.90835e-07 1.08482e-06 1.41009e-06 1.37917e-06 0.999985 
2.46167e-06 0.997372 1.39902e-06 2.64108e-06 7.46578e-07 1.5395e-06 0.00260443 1.70039e-06 2.48469e-06 1.56981e-06 1.71872e-06 2.23404e-06 2.18506e-06 2.4693e-06 
1.55376e-06 9.81174e-07 8.83036e-07 1.667e-06 4.71226e-07 9.71704e-07 1.17335e-06 1.07326e-06 1.56829e-06 9.90835e-07 1.08482e-06 1.41009e-06 1.37917e-06 0.999985 
0.00163209 0.00162869 0.00162811 0.00163276 0.00162564 0.978809 0.00162983 0.00162924 0.00163218 0.00162875 0.00162931 0.00163124 0.00163106 0.00163212 
1.70391e-06 1.07599e-06 2.62212e-09 0.00102694 1.13297e-05 2.88541e-09 3.35915e-07 3.18697e-09 6.16969e-06 2.94222e-09 0.99895 1.16081e-06 7.8558e-07 4.6281e-09 
0.000332861 0.000332167 0.000332048 0.000332998 0.663423 0.266056 0.0003324 0.000332279 0.000332879 0.000332179 0.000332293 0.000332687 0.0668626 0.000332868 
0.00389707 0.986834 2.76502e-06 5.21983e-06 1.47554e-06 3.04267e-06 3.67409e-06 3.36065e-06 4.91073e-06 0.0043467 3.39687e-06 4.41536e-06 4.31856e-06 0.00488521 
0.280173 1.4646e-06 0.00290115 2.48833e-06 0.000704103 1.45046e-06 0.00420527 1.60205e-06 2.34098e-06 0.711999 1.61931e-06 2.10483e-06 2.05869e-06 2.32649e-06 
0.224543 0.000101805 0.223993 0.122574 0.0204246 0.000101802 0.183481 0.00010184 0.000102024 0.162996 0.000101844 0.000101965 0.0612741 0.00010202 
3.14761e-05 0.125673 0.157027 0.132285 3.13516e-05 0.0440044 0.169767 3.1421e-05 0.0378047 0.175936 0.0126004 0.144746 3.14561e-05 3.14766e-05 
0.000292941 0.000292329 0.175627 0.820862 0.000291783 0.00029232 0.000292535 0.000292428 0.000292956 0.00029234 0.000292441 0.000292787 0.000292755 0.000292946 
2.30815e-06 1.45756e-06 1.31177e-06 2.47637e-06 7.00018e-07 1.44349e-06 0.000457556 0.00347598 2.32973e-06 0.995681 1.61153e-06 0.000367279 2.04879e-06 2.31531e-06 
0.00389707 0.986834 2.76502e-06 5.21983e-06 1.47554e-06 3.04267e-06 3.67409e-06 3.36065e-06 4.91073e-06 0.0043467 3.39687e-06 4.41536e-06 4.31856e-06 0.00488521 
0.0189765 9.42139e-05 9.41802e-05 9.44497e-05 9.40377e-05 0.961042 9.42801e-05 9.42458e-05 9.44158e-05 9.42173e-05 0.0189442 9.43615e-05 9.4351e-05 9.44127e-05 
5.76555e-05 0.0249019 0.48432 0.031759 0.00254104 2.69966e-05 0.119269 0.251738 3.73879e-05 0.0176805 8.75297e-06 0.0319673 0.00457618 0.031117 
6.49817e-05 0.453988 0.259357 6.50084e-05 6.47249e-05 6.4844e-05 6.48917e-05 6.48681e-05 0.039056 6.48485e-05 6.48708e-05 6.49477e-05 0.0779936 0.169021 
5.81224e-07 3.67033e-07 3.30322e-07 0.999478 1.76274e-07 3.6349e-07 4.38922e-07 4.01478e-07 5.86657e-07 3.70647e-07 4.05805e-07 5.27478e-07 0.000516429 5.83025e-07 
1.87719e-06 0.998121 0.00128128 2.014e-06 5.69316e-07 1.17397e-06 1.4176e-06 1.29666e-06 1.89474e-06 0.000240614 1.31064e-06 0.000342424 1.66626e-06 1.88301e-06 
6.5865e-06 4.15926e-06 0.000752391 7.06652e-06 1.99756e-06 0.994356 4.97392e-06 4.5496e-06 0.00399549 0.000844243 4.59863e-06 5.97744e-06 5.84639e-06 6.60691e-06 
0.240857 0.00298537 0.12284 0.00170157 0.340432 1.48907e-06 0.128314 1.6447e-06 2.4033e-06 0.000184674 0.00158117 2.16087e-06 0.160699 0.000397373 
0.96527 0.00146017 3.6073e-05 1.76953e-07 0.00147669 1.79077e-05 0.0187678 1.13927e-07 3.63818e-05 0.00804587 1.15155e-07 1.64307e-05 0.00474492 0.000127174 
1.63409e-07 0.00727637 0.444181 0.196983 0.0135382 0.00661534 0.0240551 0.000103908 0.217549 0.0102519 0.000175653 0.0463208 1.45047e-07 0.0329494 
6.49817e-05 0.453988 0.259357 6.50084e-05 6.47249e-05 6.4844e-05 6.48917e-05 6.48681e-05 0.039056 6.48485e-05 6.48708e-05 6.49477e-05 0.0779936 0.169021 
0.187697 0.0198566 0.000180292 0.000510344 1.07148e-07 2.20947e-07 2.66798e-07 0.001423 3.56598e-07 0.789702 2.46668e-07 0.000359796 3.5473e-05 0.000234202 
0.00150167 1.92082e-06 0.721739 0.00104271 0.00520801 0.000365443 0.00228518 0.000462178 0.106835 0.000125506 2.12373e-06 2.7605e-06 0.126874 0.0335549 
6.99443e-07 0.0252158 0.410647 0.033006 4.93082e-05 0.000557022 0.00268688 0.00193249 7.05981e-07 0.0110864 4.88344e-07 0.207069 5.41172e-05 0.307693 
7.31772e-07 0.960662 4.15881e-07 0.00031641 2.21932e-07 4.5764e-07 0.000147454 0.0380779 7.38612e-07 4.18169e-05 5.10916e-07 5.95106e-05 0.000691326 7.34039e-07 
0.000988238 0.000986176 0.000985823 0.000988644 0.000984332 0.395443 0.000986869 0.00098651 0.000988289 0.592712 0.000986551 0.000987721 0.000987612 0.000988257 
0.808595 6.70837e-07 0.0562239 4.58678e-05 0.00022516 6.64362e-07 0.0632833 7.33794e-07 6.88803e-05 0.0715227 7.41702e-07 9.64088e-07 3.07585e-05 1.06561e-06 
2.40328e-07 0.0333007 0.580884 0.112495 1.26631e-05 0.013187 0.214164 1.66006e-07 7.00314e-05 0.0179866 1.62593e-05 0.0276325 2.13323e-07 0.000250094 
1.374e-06 0.000347932 0.00093783 1.47414e-06 4.16709e-07 8.59284e-07 0.998177 9.49087e-07 1.38685e-06 8.76202e-07 9.59316e-07 0.000250636 1.21961e-06 0.00027703 
0.000227449 0.000226974 0.000226893 0.000227542 0.997046 0.000226967 0.000227134 0.000227051 0.000227461 0.000226982 0.000227061 0.00022733 0.000227305 0.000227453 
0.817542 0.0552898 0.000105409 0.000298351 7.72713e-08 1.59339e-07 1.92406e-07 0.000831784 2.57167e-07 0.125483 1.77888e-07 0.000210347 2.0777e-05 0.000217832 
3.6232e-07 0.000337087 0.193921 0.705511 0.000120185 0.00137193 0.00680422 0.000245898 3.65707e-07 0.00620355 2.52968e-07 0.0001617 0.000189721 0.0851326 
0.0814657 0.0907472 0.246159 0.0383466 1.59499e-05 4.67025e-07 0.118857 0.000860913 0.000260875 0.0228129 5.21393e-07 0.159631 0.239721 0.00112097 
0.000339298 2.11842e-05 0.255486 0.00826786 0.247464 1.27826e-07 0.00339892 0.0542281 0.352435 2.25658e-06 4.79857e-06 0.00157549 0.0587396 0.0180375 
0.000292941 0.000292329 0.175627 0.820862 0.000291783 0.00029232 0.000292535 0.000292428 0.000292956 0.00029234 0.000292441 0.000292787 0.000292755 0.000292946 
4.63349e-07 0.0607412 0.0121075 8.64923e-05 2.16628e-06 8.64428e-06 0.0671064 9.25963e-05 0.000330313 0.822616 3.61219e-05 0.0158379 7.15582e-05 0.0209622 
2.78602e-06 0.298487 0.00106656 2.98906e-06 8.44944e-07 1.74234e-06 2.10391e-06 1.92443e-06 0.074305 0.000669761 1.94517e-06 2.52839e-06 0.62423 0.00122461 
7.87351e-07 0.919517 4.47468e-07 8.44732e-07 0.000150542 4.92399e-07 5.94583e-07 5.43859e-07 9.49569e-05 0.00033376 5.49721e-07 7.14544e-07 0.0798646 3.39315e-05 
3.44175e-07 5.52369e-05 0.0081307 0.0962203 0.000407036 2.15242e-07 6.60557e-05 0.000265043 0.000519206 5.77561e-06 1.24066e-05 0.894151 3.05501e-07 0.000166401 
0.000199826 0.000199409 0.000199338 0.000199909 0.000199036 0.000199403 0.00019955 0.000199477 0.000199837 0.638332 0.359273 0.000199722 0.0001997 0.00019983 
1.2603e-06 0.0809143 7.16254e-07 1.35215e-06 4.61183e-05 7.88175e-07 0.348908 6.09081e-05 1.27208e-06 0.0871335 8.79928e-07 0.461064 0.0206444 0.00122187 
3.14761e-05 0.125673 0.157027 0.132285 3.13516e-05 0.0440044 0.169767 3.1421e-05 0.0378047 0.175936 0.0126004 0.144746 3.14561e-05 3.14766e-05 
4.87718e-06 3.07985e-06 2.7718e-06 5.23262e-06 0.0011848 0.979701 0.00589664 3.36889e-06 0.00394314 0.00746754 3.4052e-06 0.0017749 4.32914e-06 4.8923e-06 
0.000451892 0.000450949 0.000450788 0.633362 0.000450106 0.000450934 0.000451266 0.000451102 0.000451915 0.361223 0.000451121 0.000451656 0.000451606 0.000451901 
3.14761e-05 0.125673 0.157027 0.132285 3.13516e-05 0.0440044 0.169767 3.1421e-05 0.0378047 0.175936 0.0126004 0.144746 3.14561e-05 3.14766e-05 
3.14761e-05 0.125673 0.157027 0.132285 3.13516e-05 0.0440044 0.169767 3.1421e-05 0.0378047 0.175936 0.0126004 0.144746 3.14561e-05 3.14766e-05 
0.00351017 1.38452e-06 1.24604e-06 2.35228e-06 0.00039963 1.37115e-06 0.996071 1.51445e-06 2.21298e-06 1.39815e-06 1.53077e-06 1.98975e-06 1.94613e-06 2.19928e-06 
2.81866e-06 0.999971 1.6019e-06 3.02408e-06 8.54846e-07 1.76276e-06 2.12857e-06 1.94698e-06 2.84501e-06 1.79746e-06 1.96796e-06 2.55802e-06 2.50194e-06 2.8274e-06 
3.14761e-05 0.125673 0.157027 0.132285 3.13516e-05 0.0440044 0.169767 3.1421e-05 0.0378047 0.175936 0.0126004 0.144746 3.14561e-05 3.14766e-05 
0.000825031 0.000823309 0.000823015 0.00082537 0.000821769 0.659448 0.000823888 0.000823588 0.000825073 0.000823339 0.000823622 0.330665 0.000824508 0.000825046 
1.84072e-07 0.000465069 0.000523162 0.996398 5.58253e-08 0.000161277 0.000750766 1.27147e-07 0.000223137 0.000657459 5.15353e-05 0.000768598 1.63388e-07 1.84642e-07 
1.97087e-06 0.997896 1.12008e-06 2.1145e-06 5.97725e-07 1.23255e-06 0.00208516 1.36137e-06 1.98929e-06 1.25682e-06 1.37604e-06 1.78862e-06 1.74941e-06 1.97697e-06 
3.14761e-05 0.125673 0.157027 0.132285 3.13516e-05 0.0440044 0.169767 3.1421e-05 0.0378047 0.175936 0.0126004 0.144746 3.14561e-05 3.14766e-05 
0.000166587 0.000166239 0.00016618 0.000166655 0.132909 0.0666596 0.266336 0.000166296 0.133443 0.399155 0.000166303 0.0001665 0.000166481 0.00016659 
0.248753 0.248235 0.000618817 0.000620587 0.00061788 0.000619017 0.496198 0.000619248 0.000620364 0.00061906 0.000619273 0.000620008 0.000619939 0.000620344 
0.00123091 0.00122834 0.737966 0.00123141 0.00122604 0.0012283 0.0012292 0.00122875 0.00123097 0.00122838 0.0012288 0.247282 0.00123013 0.00123093 
0.000995537 3.49065e-07 0.000251635 0.997878 1.67645e-07 3.45696e-07 4.17435e-07 3.81824e-07 5.57938e-07 3.52502e-07 0.000772267 5.01656e-07 9.86219e-05 5.54484e-07 
0.857009 1.39286e-07 0.0560625 0.060899 1.7856e-06 1.37942e-07 0.00860812 0.010709 0.000622849 0.000808421 5.16796e-05 2.00174e-07 0.00522691 2.21254e-07 
0.820751 0.175738 0.000292304 0.000293141 0.000291862 0.000292399 0.000292614 0.000292508 0.000293035 0.000292419 0.00029252 0.000292867 0.000292835 0.000293026 
3.14761e-05 0.125673 0.157027 0.132285 3.13516e-05 0.0440044 0.169767 3.1421e-05 0.0378047 0.175936 0.0126004 0.144746 3.14561e-05 3.14766e-05 
1.38207e-07 0.000349188 0.000392807 0.997296 4.19154e-08 0.000121092 0.000563699 9.54656e-08 0.000167538 0.000493641 3.86944e-05 0.000577088 1.22677e-07 1.38635e-07 
0.000739514 1.66722e-07 0.000570327 2.83259e-07 0.000144209 1.65113e-07 0.000199577 0.000109604 0.000426644 1.68364e-07 1.84334e-07 0.997756 2.34351e-07 5.32318e-05 
3.50547e-05 0.00390333 0.0117734 0.079268 0.000119164 1.33596e-08 0.0088035 0.797867 0.000151953 0.0207453 3.57745e-06 0.0772788 2.09207e-06 4.86457e-05 
0.000986193 0.000984135 0.000983783 0.000986598 0.000982294 0.000984102 0.000984826 0.000984468 0.000986243 0.00098417 0.000984509 0.000985677 0.000985567 0.987197 
2.2524e-06 1.42235e-06 1.28008e-06 2.41655e-06 6.83109e-07 1.40862e-06 0.000682077 0.998845 2.27345e-06 1.43636e-06 1.5726e-06 2.04412e-06 1.9993e-06 0.000454134 
0.00016108 0.000160744 0.0965725 0.0323904 0.000160443 0.225195 0.000160857 0.000160798 0.257903 0.0323107 0.0966439 0.0645594 0.000160978 0.193461 
0.000823401 0.000821683 0.000821389 0.989311 0.000820146 0.000821655 0.00082226 0.000821961 0.000823443 0.000821712 0.000821995 0.00082297 0.000822879 0.000823416 
4.24684e-07 2.68181e-07 2.41357e-07 0.999845 1.28798e-07 2.65592e-07 3.20708e-07 2.93349e-07 4.28654e-07 0.000150973 2.9651e-07 3.85413e-07 3.76964e-07 4.26e-07 
4.0789e-07 0.00444872 0.0103319 0.843421 0.000268109 4.51795e-05 0.0996968 0.000174669 0.0125203 0.000792623 0.000117327 0.0280215 5.19196e-05 0.000109765 
0.00488167 0.884986 1.98027e-06 3.73837e-06 1.05676e-06 2.17911e-06 0.106309 2.40685e-06 3.517e-06 2.22202e-06 2.43279e-06 0.00379782 3.09289e-06 3.49522e-06 
0.00123091 0.00122834 0.737966 0.00123141 0.00122604 0.0012283 0.0012292 0.00122875 0.00123097 0.00122838 0.0012288 0.247282 0.00123013 0.00123093 
3.14761e-05 0.125673 0.157027 0.132285 3.13516e-05 0.0440044 0.169767 3.1421e-05 0.0378047 0.175936 0.0126004 0.144746 3.14561e-05 3.14766e-05 
3.14761e-05 0.125673 0.157027 0.132285 3.13516e-05 0.0440044 0.169767 3.1421e-05 0.0378047 0.175936 0.0126004 0.144746 3.14561e-05 3.14766e-05 
3.14761e-05 0.125673 0.157027 0.132285 3.13516e-05 0.0440044 0.169767 3.1421e-05 0.0378047 0.175936 0.0126004 0.144746 3.14561e-05 3.14766e-05 
1.63934e-06 0.996708 9.31671e-07 1.75882e-06 0.00149204 1.02522e-06 1.23798e-06 1.13237e-06 1.65467e-06 1.04541e-06 1.14457e-06 1.48775e-06 0.00145659 0.000330528 
3.14761e-05 0.125673 0.157027 0.132285 3.13516e-05 0.0440044 0.169767 3.1421e-05 0.0378047 0.175936 0.0126004 0.144746 3.14561e-05 3.14766e-05 
0.000495163 2.39549e-06 0.0117071 0.0147243 0.000395245 0.519911 0.249946 0.0993271 0.102221 7.81517e-05 0.000251398 0.000218997 3.36718e-06 0.000718567 
0.000414847 0.0832103 0.000413833 0.249425 0.000413207 0.000413967 0.000414272 0.000414121 0.000414868 0.662807 0.000414139 0.00041463 0.000414584 0.000414855 
4.8345e-06 0.00244538 2.74755e-06 0.00726676 1.46621e-06 3.02343e-06 3.65087e-06 3.33941e-06 4.87969e-06 0.990247 3.3754e-06 4.38745e-06 4.29126e-06 4.84948e-06 
4.02767e-07 9.09398e-05 0.00448266 0.000162209 9.61978e-06 3.16853e-05 0.583319 0.0741585 4.38914e-05 0.10178 1.03077e-05 0.235673 6.7071e-05 0.000170036 
1.05832e-06 0.108842 0.000107444 0.220984 0.0187819 6.61859e-07 0.110432 0.000272815 0.0211386 0.0131189 1.32397e-05 0.292726 0.213409 0.000171682 
2.45355e-07 4.13194e-05 7.79381e-05 0.116607 0.000304532 1.53442e-07 4.94122e-05 0.850653 0.000388446 4.31344e-06 0.00622132 0.0255272 2.17785e-07 0.000124485 
0.372967 0.000619282 0.000619061 0.000620832 0.371494 0.000619261 0.000619717 0.000619492 0.000620609 0.000619304 0.000619518 0.248721 0.000620184 0.000620589 
0.0561328 0.0800056 0.767433 4.00828e-05 3.99079e-05 3.99814e-05 4.00108e-05 0.032037 0.00805377 0.0560178 3.99979e-05 4.00454e-05 4.00409e-05 4.00671e-05 
2.35353e-06 1.48621e-06 1.33756e-06 0.996523 7.13781e-07 1.47187e-06 1.77732e-06 0.00345538 2.37553e-06 1.50085e-06 1.64321e-06 2.1359e-06 2.08907e-06 2.36083e-06 
3.43699e-07 2.1704e-07 1.95331e-07 0.000295366 1.04237e-07 0.000258148 2.59551e-07 2.37408e-07 3.46912e-07 2.19177e-07 0.000192214 0.999252 3.05078e-07 3.44764e-07 
0.224543 0.000101805 0.223993 0.122574 0.0204246 0.000101802 0.183481 0.00010184 0.000102024 0.162996 0.000101844 0.000101965 0.0612741 0.00010202 
0.000262401 0.585416 0.144358 0.00025862 0.00767589 2.13092e-07 0.000325634 0.000723346 0.102299 2.17287e-07 2.37898e-07 0.145607 0.000621868 0.0124519 
3.41607e-05 0.000121429 0.0136332 0.0329562 0.0143806 8.11922e-06 0.0202806 0.73082 0.000770866 0.00812584 1.2215e-07 0.0846577 0.0408222 0.053389 
0.537051 6.73692e-07 0.0127956 1.14459e-06 3.23552e-07 6.67189e-07 0.0610477 0.0857605 0.301866 4.99982e-05 7.44859e-07 9.6819e-07 0.001423 1.07015e-06 
0.0424985 0.193723 0.0399572 0.0321468 0.424228 0.158693 0.0495909 0.0159533 0.00352446 0.0263397 3.59778e-05 0.000522338 0.0126219 0.00016551 
