0.109604 0.00803998 0.00288877 0.718713 0.122953 0.0150049 0.0227966 
0.151605 0.000504406 0.491245 0.0187668 0.324078 0.0124077 0.00139354 
0.259069 0.164751 0.117765 0.0235747 0.35239 5.87227e-05 0.0823909 
4.65884e-07 4.18631e-07 4.52932e-07 0.999998 3.22965e-07 3.23642e-07 4.08679e-07 
0.797622 0.000879832 0.000680355 0.198934 0.00145335 1.02629e-06 0.000430107 
0.00131988 0.331542 0.106248 0.000100911 0.227058 0.333363 0.000368735 
0.00664366 0.0125511 0.980772 1.17645e-05 6.08967e-06 7.5144e-09 1.54022e-05 
2.72194e-07 2.44586e-07 2.64626e-07 0.000364929 1.88693e-07 0.999443 0.000191256 
1.18475e-06 1.06458e-06 1.15181e-06 9.92125e-07 8.21304e-07 8.23027e-07 0.999994 
0.00146619 7.43182e-05 3.72116e-05 0.00355471 0.833255 0.157604 0.00400869 
3.21807e-05 8.62272e-05 7.77907e-05 0.585024 8.31029e-05 0.414543 0.000154112 
0.00164906 0.00164774 0.0016487 0.00164693 0.00164502 0.00164505 0.990118 
1.64097e-06 0.000182904 0.000590482 0.000170575 1.13757e-06 1.13996e-06 0.999052 
0.00212447 3.17637e-06 3.43663e-06 2.96017e-06 2.4505e-06 2.45564e-06 0.997861 
1.49725e-07 0.0249995 4.6236e-05 0.43203 0.26866 0.165012 0.109253 
0.558055 0.0001129 8.95875e-05 0.000210395 0.000185779 0.000337408 0.441009 
0.0528843 0.00455638 0.437678 0.0809223 0.125408 0.182531 0.116021 
1.89886e-05 5.11452e-05 4.6117e-05 0.158945 4.93178e-05 0.840798 9.15196e-05 
0.619683 0.00226265 0.020334 0.0731408 0.0726867 0.166702 0.045191 
5.70938e-06 0.0256566 5.55065e-06 0.961963 3.95791e-06 0.0063499 0.00601502 
0.00164877 0.99012 0.00164841 0.00164665 0.00164474 0.00164476 0.00164716 
0.098575 0.00011061 0.000143599 6.87325e-05 0.0342188 3.4222e-05 0.866849 
9.75617e-05 0.000262526 0.671971 0.000509466 0.125721 0.200968 0.000469664 
0.0256467 0.165496 0.4281 0.0556078 0.194204 0.0115634 0.119381 
0.166905 1.60483e-05 0.000125748 0.260062 4.32946e-05 0.57273 0.000117374 
0.000471664 0.00127041 0.00114551 0.988869 0.00122502 0.00474549 0.00227328 
0.00452341 0.00825456 0.0202212 2.94918e-07 2.4414e-07 0.000118653 0.966882 
0.161446 0.000446736 0.036123 0.577458 0.110333 0.0867704 0.0274232 
0.151441 0.0222488 0.000420244 0.046633 0.153154 0.000214497 0.625889 
0.0048425 0.00483862 0.00484143 0.00483626 0.00483064 0.970973 0.00483777 
0.0296873 0.0310232 0.00748084 0.104904 0.009862 0.77471 0.0423328 
4.21428e-08 3.78683e-08 4.09711e-08 3.52909e-08 2.92146e-08 2.92759e-08 1 
8.29632e-05 0.000164509 2.3174e-07 0.767285 6.35407e-05 0.232143 0.000260843 
0.0101617 0.00182766 0.0126448 1.70157e-06 0.010425 0.964937 1.78244e-06 
2.37556e-05 0.255933 0.369202 0.0424478 0.3182 0.000247156 0.0139457 
0.000134356 0.12426 0.000325619 0.872939 0.000348055 0.00134736 0.000645696 
0.000311082 8.00286e-05 2.47677e-07 5.59894e-05 0.000169478 1.76977e-07 0.999383 
0.000156329 4.01919e-05 8.652e-08 2.81108e-05 8.51622e-05 6.18228e-08 0.99969 
8.04368e-08 7.22783e-08 7.82005e-08 6.73588e-08 5.57612e-08 5.58782e-08 1 
0.164692 2.8141e-05 0.0153973 0.631344 7.58033e-05 0.164649 0.0238142 
0.00037142 9.01859e-07 9.75754e-07 0.997504 6.95765e-07 0.00212096 8.8042e-07 
0.00525182 0.05528 0.108863 0.775202 0.0192297 0.0117731 0.0244011 
0.866281 0.0277236 0.00100116 7.13277e-07 0.104472 0.000380323 0.000141338 
1.30326e-06 1.17108e-06 1.26703e-06 0.999993 9.03461e-07 9.05356e-07 1.14324e-06 
0.0001295 0.358747 7.42927e-05 0.174471 5.84246e-05 0.443083 0.0234377 
0.000126074 1.13173e-07 0.999873 1.0547e-07 8.73106e-08 8.74938e-08 1.10483e-07 
1.86119e-06 1.67242e-06 1.80945e-06 0.99999 1.29023e-06 1.29294e-06 1.63266e-06 
0.0614327 0.631494 0.21095 0.0387318 0.0284452 0.0286838 0.000262175 
0.066089 0.000235653 0.0192696 0.000438955 0.000387588 0.157273 0.756307 
0.992361 3.70003e-06 4.0032e-06 0.00689983 2.85449e-06 2.86048e-06 0.000726027 
0.47332 0.000262599 0.000262751 0.00026247 0.000262165 0.00026217 0.525368 
0.0941635 0.000163865 0.0051296 0.0292341 0.871245 6.36292e-05 7.26081e-07 
0.000992903 4.43878e-06 4.80247e-06 0.996932 0.00205808 3.43161e-06 4.33326e-06 
0.0542065 0.351317 0.000135149 0.405147 0.000134847 0.188924 0.000135047 
0.000405112 0.000758215 6.57783e-05 0.000452282 1.16966e-07 0.891486 0.106833 
0.457078 0.0249084 0.330705 0.0797834 0.00376819 0.0495093 0.0542484 
0.33273 0.00179434 0.000457742 0.332232 0.332784 8.8582e-07 1.11857e-06 
7.96243e-05 1.6887e-05 0.0188147 0.000113701 4.54664e-05 0.95465 0.02628 
4.65884e-07 4.18631e-07 4.52932e-07 0.999998 3.22965e-07 3.23642e-07 4.08679e-07 
0.0035818 0.00349927 0.225469 0.0214565 0.00734448 0.444464 0.294186 
0.000410455 0.691778 0.000680615 0.0804857 0.134422 0.0915878 0.000635287 
5.63048e-05 1.10342e-07 0.00781671 1.18647e-05 0.00010719 0.955168 0.0368395 
0.690506 0.00724629 0.000152237 0.0281398 0.0369896 0.236965 3.06499e-07 
0.000914376 0.000333162 0.000264368 0.000620865 0.000548226 0.996669 0.000650372 
0.000271161 5.43557e-07 0.000263622 5.71482e-05 0.997542 0.00103414 0.000831202 
2.04659e-06 0.256777 0.000741377 0.0820027 0.00570497 0.319106 0.335666 
0.002459 0.985264 0.00245845 0.00245583 0.00245297 0.00245301 0.0024566 
2.17536e-05 5.84982e-05 0.00776047 0.000113504 5.6399e-05 0.968974 0.0230154 
0.000786538 0.217779 7.55236e-07 0.780437 0.000195779 0.000455419 0.000345321 
5.23341e-05 0.0223094 0.000323003 0.7258 0.0357802 0.210316 0.00541924 
2.81973e-06 2.53373e-06 0.992532 0.00033271 1.95472e-06 0.00594142 0.00118669 
3.78147e-07 3.39792e-07 6.98213e-05 0.000272959 2.62143e-07 0.999562 9.43333e-05 
0.00142434 6.39616e-07 0.998177 5.96081e-07 9.91836e-05 0.000297186 6.2441e-07 
0.00364994 0.00164123 2.95459e-06 0.307433 0.00168754 0.678118 0.00746724 
0.00180024 0.000462461 0.000167062 0.000646295 0.00112916 0.227436 0.768359 
3.18709e-07 0.729932 3.09849e-07 9.12578e-05 0.257586 0.0123896 2.79576e-07 
5.05521e-05 2.59708e-05 0.157564 7.2549e-05 6.50606e-05 0.762306 0.0799156 
0.000499179 0.000498779 0.000499068 0.000498535 0.000497956 0.598054 0.399452 
0.00255923 0.000445917 0.00112349 0.332568 0.327732 1.19505e-06 0.335571 
0.0530337 3.46826e-05 0.000523683 9.6746e-05 8.67553e-05 0.946047 0.000177266 
0.143015 0.000178403 0.000178506 0.856093 0.000178108 0.000178111 0.000178371 
0.00530908 0.0130168 0.0551414 0.217553 0.431229 0.218023 0.0597276 
0.999563 9.33464e-07 1.00995e-06 8.69928e-07 0.000432809 7.21658e-07 9.11273e-07 
0.0098427 0.00305215 0.0231613 0.962306 0.0015802 3.54375e-05 2.20408e-05 
0.215761 0.0431522 0.276102 4.30881e-05 0.318524 0.146375 4.31016e-05 
5.35635e-05 0.999314 1.29861e-07 0.000335684 0.00016677 0.000130002 1.17174e-07 
2.91068e-05 7.72855e-05 0.0744658 0.000149458 0.322238 0.228783 0.374258 
0.0335447 0.000136332 1.20337e-07 0.862221 8.58065e-08 0.104098 1.08579e-07 
8.88604e-07 7.98475e-07 8.63899e-07 7.44128e-07 6.16007e-07 0.000370998 0.999625 
0.0113952 0.00872522 0.000164618 0.872993 0.0679785 0.0385896 0.000153648 
0.0900862 0.0212 0.153624 0.15346 0.0740116 0.348819 0.1588 
7.38037e-06 6.6318e-06 7.17518e-06 0.99381 5.11629e-06 0.00615755 6.47414e-06 
0.0158807 0.162387 0.100626 0.273463 0.132088 0.302559 0.0129967 
0.0542065 0.351317 0.000135149 0.405147 0.000134847 0.188924 0.000135047 
0.000837608 7.22005e-07 0.000271961 6.72862e-07 5.57011e-07 5.5818e-07 0.998888 
0.999997 6.22966e-07 6.74009e-07 5.80564e-07 4.80605e-07 4.81613e-07 6.08157e-07 
0.0047204 0.000101412 0.00366153 1.202e-07 3.40375e-05 0.991448 3.40676e-05 
0.000769881 0.000142585 0.000249939 5.78366e-07 4.78785e-07 4.7979e-07 0.998836 
0.00547072 0.751568 0.0755486 0.154184 1.26049e-07 0.013228 1.59503e-07 
0.449654 0.000249469 0.150018 0.000249347 0.000249058 0.000249062 0.399331 
9.94405e-07 0.000537021 0.000194318 8.32727e-07 6.89351e-07 0.996823 0.00244332 
0.00232574 0.0208515 0.0033888 4.85687e-06 0.0024164 0.971008 5.0877e-06 
0.0111294 0.184317 0.00325699 0.242902 0.368785 0.189566 4.31266e-05 
0.0791021 0.000357331 7.0801e-07 0.000249909 5.04849e-07 0.920289 6.38835e-07 
0.000412581 0.0742802 0.924634 5.53383e-05 0.000423273 0.000194916 7.23699e-08 
0.00483486 0.971026 0.00483379 0.00482862 0.00482302 0.00482309 0.00483014 
0.000144657 0.00868803 0.295941 0.358165 0.200833 0.000387525 0.135841 
3.00938e-07 0.325092 0.246345 5.06538e-05 0.000459172 0.427313 0.000739426 
2.1628e-07 0.684826 0.00113565 0.130801 0.000330001 0.000240544 0.182666 
8.62928e-07 0.994376 8.38937e-07 0.00173503 0.000479166 0.00143931 0.00196888 
8.92058e-05 0.214994 0.15943 0.0440068 0.034711 0.0460128 0.500757 
5.51206e-05 0.213163 0.000163809 0.786155 0.000175096 0.000133463 0.000154909 
0.00124016 0.992568 0.00123988 0.00123856 0.00123712 0.00123714 0.00123895 
0.00124016 0.992568 0.00123988 0.00123856 0.00123712 0.00123714 0.00123895 
0.000622854 0.000319987 0.00484127 0.000893878 0.000801614 0.990882 0.00163834 
0.0375552 0.000513968 0.000155183 0.198216 0.334406 0.0670031 0.362151 
1.80883e-07 1.95989e-05 2.11454e-05 0.99791 1.25393e-07 0.000100017 0.00194898 
0.000650321 7.29538e-07 0.000632241 0.000136656 0.00123878 0.995346 0.00199486 
0.000810546 0.000243181 6.56128e-07 0.997397 0.00131046 4.68836e-07 0.0002374 
0.230552 5.79256e-07 0.0545378 5.3983e-07 0.000264015 0.330416 0.384229 
0.691042 0.000383391 0.000383614 0.000383204 0.000382759 0.000382765 0.307043 
0.215761 0.0431522 0.276102 4.30881e-05 0.318524 0.146375 4.31016e-05 
0.000376643 8.01348e-05 0.000624145 0.763112 0.000215113 0.235009 0.00058256 
2.40655e-06 0.473051 2.33964e-06 0.299231 0.227709 1.67179e-06 2.11105e-06 
0.000122041 0.268396 0.0977333 0.170759 0.170561 0.292307 0.000121922 
0.00165144 0.00165011 0.00165107 0.00164931 0.00164739 0.990101 0.00164983 
0.000453503 0.544221 0.000453403 0.000452919 0.000452393 0.0004524 0.453514 
6.34195e-05 1.34362e-05 0.409184 9.05728e-05 0.0060845 0.121385 0.463179 
0.000192285 0.0770442 0.000192242 0.845157 0.000191814 0.000191817 0.0770308 
8.92039e-07 0.867612 0.00520431 0.00119595 0.124421 6.19685e-07 0.0015658 
0.000119464 0.285678 0.000742999 0.336428 0.000132481 0.10838 0.268519 
0.000787119 0.676006 4.15976e-07 0.0300091 0.0636243 3.09813e-05 0.229542 
0.0910135 0.000151316 0.454362 0.000151242 0.000151066 0.000151068 0.45402 
0.143024 0.14291 0.142992 0.14284 0.142674 0.142676 0.142885 
0.174076 0.362289 7.24854e-05 0.231779 7.23238e-05 0.144722 0.0869893 
1.80883e-07 1.95989e-05 2.11454e-05 0.99791 1.25393e-07 0.000100017 0.00194898 
0.00023788 0.000237689 0.285631 0.000237573 0.000237297 0.000237301 0.713182 
0.000135425 2.87788e-05 0.000224451 0.247591 7.73396e-05 0.736648 0.0152946 
9.57986e-07 8.6082e-07 9.31352e-07 8.02229e-07 6.64105e-07 0.999995 8.40357e-07 
0.000138957 0.138984 0.0834944 0.000138778 0.305095 0.08331 0.388838 
9.51133e-08 0.000188111 0.999349 0.000143448 0.000105563 1.32808e-05 0.000200326 
0.0799348 0.0615693 6.93089e-05 0.0896721 0.163137 0.000287124 0.60533 
0.000105822 2.72228e-05 1.20858e-05 1.90452e-05 0.0194518 5.92918e-08 0.980384 
0.0130681 0.16897 0.0780665 0.116942 0.246519 0.285436 0.0909981 
0.000166584 0.204247 0.00330312 0.0801835 0.00518538 0.123737 0.583178 
0.00100279 0.000257605 2.32066e-07 0.000360006 0.000628975 3.33304e-05 0.997717 
2.24358e-06 2.01602e-06 2.1812e-06 1.8788e-06 1.55532e-06 0.999988 1.96809e-06 
3.19639e-07 0.000435642 0.00115647 0.997943 2.21583e-07 2.22048e-07 0.000463923 
4.73007e-06 4.25032e-06 4.59857e-06 3.96102e-06 3.27903e-06 3.28591e-06 0.999976 
0.47332 0.000262599 0.000262751 0.00026247 0.000262165 0.00026217 0.525368 
0.000179231 0.000161052 1.74074e-07 0.000509949 0.000223548 0.74718 0.251746 
8.97862e-07 8.06794e-07 8.729e-07 0.000221279 6.22425e-07 0.999717 5.85395e-05 
4.2107e-07 0.0955931 6.66668e-05 0.0123155 0.221948 0.294513 0.375563 
0.259451 0.0741353 9.26073e-05 0.0555973 0.203375 9.24023e-05 0.407256 
0.949681 0.000174184 2.35277e-07 0.0488404 0.000369252 1.68117e-07 0.000934284 
0.00474399 0.0283786 0.0122862 0.00529471 0.0634809 0.0493569 0.836459 
4.73007e-06 4.25032e-06 4.59857e-06 3.96102e-06 3.27903e-06 3.28591e-06 0.999976 
0.000622859 0.747455 0.125167 0.000622056 0.000621334 0.12489 0.000622252 
0.136061 0.0415453 0.210811 0.144434 0.0267856 0.0434859 0.396877 
0.0268388 0.306685 0.0274836 0.220735 0.215928 0.000237516 0.202092 
1.95708e-07 1.75858e-07 0.999889 1.63888e-07 9.77982e-05 1.23693e-05 1.71677e-07 
2.24358e-06 2.01602e-06 2.1812e-06 1.8788e-06 1.55532e-06 0.999988 1.96809e-06 
2.0994e-07 0.00266987 2.04103e-07 0.972506 1.45536e-07 7.44325e-05 0.0247491 
2.24358e-06 2.01602e-06 2.1812e-06 1.8788e-06 1.55532e-06 0.999988 1.96809e-06 
0.000461628 9.76945e-05 0.000765497 0.000659367 0.000263558 0.997038 0.000714517 
0.000380393 0.128885 0.000630789 0.000543335 0.0436529 0.0010257 0.824882 
0.21126 0.00118785 6.39351e-07 0.000708679 0.000184281 0.240436 0.546223 
0.55555 4.10462e-05 0.000321103 0.252147 0.000110585 0.19153 0.000299716 
0.994149 0.000637056 8.60493e-07 0.000445456 0.00135049 6.14865e-07 0.00341702 
0.0274708 0.0822776 0.0686102 0.171291 0.102669 0.396894 0.150787 
0.000541493 1.2134e-06 1.31282e-06 1.13081e-06 0.00206038 9.38073e-07 0.997394 
6.22097e-05 3.97359e-07 0.99294 3.70313e-07 0.000143037 0.000100428 0.00675366 
0.21126 0.00118785 6.39351e-07 0.000708679 0.000184281 0.240436 0.546223 
0.00164783 0.00164651 0.990126 0.00164571 0.00164379 0.00164382 0.00164622 
0.0626375 0.00483871 0.0837333 0.0753067 0.377649 0.0765192 0.319316 
0.259069 0.164751 0.117765 0.0235747 0.35239 5.87227e-05 0.0823909 
0.111194 4.35382e-05 0.0940644 0.742947 0.000117105 0.051317 0.000317275 
3.94217e-07 0.00153146 3.83257e-07 0.996462 2.73283e-07 0.000510582 0.00149506 
1.694e-06 1.52219e-06 1.64691e-06 0.0004352 1.17433e-06 0.999557 1.486e-06 
0.136422 0.0266471 5.78029e-07 0.221401 0.448027 0.167247 0.000254702 
3.22005e-05 0.00277985 0.000250334 0.812424 0.0173811 0.127828 0.0393052 
0.0101821 0.00668846 0.147749 0.0536673 0.00543091 0.731791 0.044492 
0.131841 0.043108 0.465928 0.0172399 0.231368 0.000118848 0.110397 
0.248816 4.93837e-05 0.000339923 3.23657e-07 0.749908 0.000129162 0.000757132 
0.00020175 0.001042 0.994135 5.71704e-07 4.7327e-07 0.000454426 0.00416556 
0.00838424 0.0031822 0.0113161 0.0176495 0.00569281 0.482317 0.471459 
8.65198e-05 0.000604235 0.0272012 0.971494 0.000164721 0.00044882 3.80756e-07 
2.31437e-06 0.00457726 0.0121524 0.00349048 1.60439e-06 1.60776e-06 0.979774 
0.565428 9.32054e-07 1.00842e-06 0.219629 0.214654 0.000286688 9.09897e-07 
0.0393919 5.32462e-05 0.046762 0.000103309 5.13345e-05 0.885765 0.0278729 
0.00892807 2.74832e-07 9.14044e-05 0.000180722 8.68314e-05 0.990712 2.68298e-07 
0.000217592 0.000217417 0.000217543 0.000217311 0.434335 0.564578 0.000217379 
0.501025 5.59882e-05 0.000386023 0.00033912 0.48114 0.0164593 0.000594246 
0.0291392 9.88081e-05 0.169894 0.118956 0.000161791 0.66614 0.0156099 
0.713673 0.0224431 0.030829 0.00118311 0.200661 6.46253e-05 0.0311457 
0.0218577 0.163904 0.413 0.0459426 0.00222252 0.338944 0.0141298 
0.000277759 0.000277536 0.000277697 0.000277401 0.609851 0.000277083 0.388761 
0.173063 0.0247815 4.61505e-05 0.0698689 0.454874 0.132918 0.144449 
0.329136 0.265429 0.0151394 0.000737474 0.354678 0.00137686 0.0335032 
4.74865e-07 0.000885517 4.61662e-07 3.33916e-05 0.00029035 0.968116 0.0306742 
0.000191938 0.000326859 0.0746808 0.000672308 0.56659 0.357002 0.000536795 
0.15408 0.000192205 0.000192316 0.153881 0.4991 0.000191891 0.192363 
0.976918 3.19487e-05 0.00015114 6.51943e-05 0.000196007 1.68364e-07 0.0226377 
0.0337882 0.37601 0.21084 0.000124424 0.16114 0.0988314 0.119266 
0.00041593 0.249774 0.000415838 0.665044 0.000414911 0.000414918 0.0835204 
1.31921e-06 0.998116 1.28254e-06 1.10473e-06 0.00164705 9.16437e-07 0.000232603 
7.84587e-07 0.00155172 0.00411974 0.0011833 5.43899e-07 5.4504e-07 0.993143 
0.000553795 0.111223 0.332757 0.000553081 0.000552438 0.000552447 0.553808 
0.000107801 0.000290358 0.000261813 0.789629 0.000279984 0.0010846 0.208347 
1.6357e-06 1.46979e-06 1.59022e-06 0.302011 0.00079025 0.696626 0.000568448 
0.0990421 0.12711 0.000961081 0.000177451 0.477565 0.294819 0.000325241 
0.000623452 0.000622953 0.000623314 0.000622648 0.000621925 0.622557 0.374329 
3.44994e-06 0.997586 3.35402e-06 2.88902e-06 2.3916e-06 0.00239901 3.02632e-06 
0.045828 0.0261804 0.366314 0.0784375 0.0848727 0.261083 0.137284 
0.152489 0.00554133 0.000315245 0.638665 0.123486 0.00051219 0.0789904 
0.647816 0.0237407 2.00057e-07 0.00829004 0.320037 3.53965e-05 8.09703e-05 
0.117897 0.000293772 0.000293943 0.411374 0.410896 0.0589517 0.000293721 
0.0274708 0.0822776 0.0686102 0.171291 0.102669 0.396894 0.150787 
0.00017206 0.649277 0.000417878 0.000899589 0.000446881 0.347957 0.000829282 
0.0411079 0.00119201 0.953401 0.000769197 0.00134388 0.00155927 0.000626799 
0.0519725 0.00814846 0.642997 4.83296e-05 0.136809 0.15494 0.00508444 
0.000605369 0.000311004 0.00470537 0.522138 0.468246 0.00240167 0.00159235 
3.57089e-06 0.00128668 3.47161e-06 2.9903e-06 0.00297301 0.995727 3.13242e-06 
0.000151725 0.000151604 0.000151692 0.00015153 0.696378 0.302864 0.000151577 
9.45198e-07 8.49329e-07 0.00110362 0.00110892 6.55239e-07 6.56613e-07 0.997784 
5.50972e-07 0.000188283 0.000222193 0.987344 3.8195e-07 5.31777e-05 0.0121914 
0.000868129 0.00417378 0.16754 0.732169 0.00339218 0.0795291 0.0123279 
0.042876 0.060949 0.685251 0.000342308 0.000136934 0.210074 0.00037093 
0.00083029 0.166754 0.000830107 0.00082922 0.000828257 0.829098 0.00082948 
0.000387104 8.22823e-05 0.000641558 0.000552611 0.0582748 0.220304 0.719758 
7.60316e-07 6.83199e-07 7.39178e-07 0.264473 0.735311 0.000212643 6.66958e-07 
0.116718 0.673778 6.88575e-07 0.199419 4.90991e-07 0.000131798 0.00995204 
0.00735356 5.34806e-05 0.101861 0.0301816 0.0553814 0.195626 0.609543 
0.0171138 0.0645873 0.0092841 0.72667 0.0192175 0.077782 0.0853455 
3.29632e-05 5.59948e-05 0.803029 0.084434 3.64164e-05 0.0998704 0.0125414 
0.443637 0.332599 0.00055373 0.000553139 0.221551 0.000552505 0.000553312 
0.0216561 0.144054 0.0576771 0.0288257 0.417002 0.323549 0.00723568 
6.44196e-07 5.78857e-07 0.00026494 0.999375 0.000173913 6.99793e-05 0.000115328 
0.000503892 5.65271e-07 0.000245247 5.26797e-07 0.000610969 0.998307 0.000331652 
0.259451 0.0741353 9.26073e-05 0.0555973 0.203375 9.24023e-05 0.407256 
0.0150424 0.0338162 0.00217544 0.0308385 4.49734e-05 0.918062 2.10334e-05 
0.249726 0.0122264 0.0754124 0.0418293 0.0133616 0.357184 0.250261 
0.0756853 0.000191554 4.20752e-07 0.00888793 0.915197 3.72481e-05 3.79643e-07 
0.0574997 0.748652 0.0129868 0.00953076 0.0268433 0.112666 0.0318223 
1.97827e-05 0.0496491 0.746152 0.161504 0.00704046 8.92253e-05 0.0355451 
0.000221762 0.00686473 0.344526 0.647322 0.000126732 0.000595977 0.000342583 
0.0215587 2.97286e-05 0.327108 6.10964e-05 0.00722469 0.580844 0.0631735 
0.215761 0.0431522 0.276102 4.30881e-05 0.318524 0.146375 4.31016e-05 
0.215761 0.0431522 0.276102 4.30881e-05 0.318524 0.146375 4.31016e-05 
0.030196 0.0652907 0.590458 0.01409 0.186909 0.0915773 0.0214782 
0.215761 0.0431522 0.276102 4.30881e-05 0.318524 0.146375 4.31016e-05 
0.364579 0.00860777 0.0986235 4.43887e-05 0.243771 0.271955 0.0124204 
0.215761 0.0431522 0.276102 4.30881e-05 0.318524 0.146375 4.31016e-05 
0.000534409 9.63638e-05 0.998568 3.75974e-07 0.000548144 0.000252547 3.93843e-07 
0.00041586 0.000415527 0.000415769 0.000415324 0.000414842 0.000414849 0.997508 
0.00306022 9.16307e-07 0.993369 0.000171642 0.00226283 0.00113414 8.94524e-07 
1.07445e-07 0.00896834 0.112288 0.014606 0.00366212 0.803646 0.0568291 
0.215761 0.0431522 0.276102 4.30881e-05 0.318524 0.146375 4.31016e-05 
0.0119407 0.0409858 0.108128 0.430637 0.0656249 0.319859 0.0228253 
0.00106812 0.204453 0.000472242 8.16458e-05 0.0430945 3.02933e-07 0.75083 
0.0550142 0.0891234 0.00843041 0.00259342 0.806494 0.0280405 0.010304 
0.000277907 0.999122 0.000404934 5.80356e-07 4.80433e-07 0.000193057 6.07939e-07 
0.443637 0.332599 0.00055373 0.000553139 0.221551 0.000552505 0.000553312 
0.000110787 0.00755802 0.000183537 0.645456 0.0303948 0.267107 0.0491902 
0.0329541 0.0603332 0.890735 6.75337e-07 0.00035751 0.0156189 7.07433e-07 
0.00278471 1.78605e-06 1.9324e-06 1.66449e-06 1.3779e-06 0.997207 1.74359e-06 
0.00488754 0.0124258 0.0709293 0.0170832 0.026976 0.0692564 0.798442 
2.02856e-06 1.8228e-06 1.97216e-06 1.69874e-06 1.40625e-06 0.00028325 0.999708 
3.71772e-06 3.34064e-06 3.61436e-06 0.999981 2.57723e-06 2.58264e-06 3.26123e-06 
0.00368042 0.995027 4.46703e-06 3.84772e-06 0.00127728 3.19191e-06 4.03059e-06 
0.000850239 0.0154814 0.221981 0.522347 0.000295211 0.239044 1.27912e-06 
0.998178 0.0014924 0.000324228 1.38944e-06 1.15021e-06 1.15262e-06 1.45547e-06 
0.000312287 0.000312037 0.000312218 0.811211 0.000311522 0.187228 0.000311983 
0.995186 0.000220832 0.00381834 2.5693e-07 0.000127828 2.13139e-07 0.000646209 
0.250044 0.000311914 0.000312095 0.623836 0.0003114 0.124873 0.00031186 
0.00041593 0.249774 0.000415838 0.665044 0.000414911 0.000414918 0.0835204 
0.856604 0.0179013 0.0497026 0.0515187 0.000354246 0.0239184 2.488e-07 
6.97045e-07 0.730946 6.60295e-05 0.190805 0.0781227 4.84226e-07 5.89935e-05 
0.000503118 0.99504 0.00263915 0.000758032 3.48427e-07 3.49158e-07 0.0010586 
0.00144471 0.31207 0.00179773 2.41915e-07 0.00148214 0.683205 2.53412e-07 
0.000553944 0.000553501 0.000553822 0.00055323 0.000552588 0.000552596 0.99668 
0.0256004 0.000106995 0.00786533 0.0002075 0.115721 0.827314 0.0231848 
0.99618 1.48793e-06 1.60984e-06 1.38665e-06 0.000919476 0.00115146 0.00174452 
0.000453468 0.997283 0.000453368 0.000452884 0.000452358 0.000452365 0.000453026 
0.0028975 0.00390478 0.00506935 0.972983 0.00301245 0.00120811 0.0109252 
0.000503892 5.65271e-07 0.000245247 5.26797e-07 0.000610969 0.998307 0.000331652 
0.000444342 0.998606 7.41784e-07 0.000495919 5.28932e-07 0.000257319 0.000195226 
0.999133 4.00263e-07 4.33059e-07 0.00014958 0.000185586 6.21978e-05 0.000469289 
0.00815526 0.0150403 0.646219 0.313623 0.00321681 4.19619e-05 0.0137029 
0.777448 0.0502961 5.41712e-05 0.0115338 0.0545583 0.0161445 0.0899647 
0.997598 7.45642e-07 0.00113024 6.9489e-07 5.75247e-07 0.00126877 7.27916e-07 
1.23911e-06 0.00133723 0.000242136 0.998417 8.58985e-07 8.60787e-07 1.08696e-06 
0.922334 0.0137591 0.00595686 0.0025671 0.0307782 0.0239303 0.000674794 
0.00044722 0.0327527 0.000129302 0.000303665 0.965562 0.000486983 0.000318096 
0.000416473 0.000416139 0.00041638 0.000415936 0.997504 0.000415459 0.000416066 
0.116921 0.0519594 0.83086 6.48365e-05 6.47612e-05 6.47623e-05 6.48569e-05 
0.000556953 0.0156769 0.00259049 0.000462193 0.000819181 0.844501 0.135394 
0.215761 0.0431522 0.276102 4.30881e-05 0.318524 0.146375 4.31016e-05 
0.985278 0.00245509 0.00245651 0.00245389 0.00245104 0.00245108 0.00245466 
0.0216561 0.144054 0.0576771 0.0288257 0.417002 0.323549 0.00723568 
0.00071165 0.00071108 0.000711492 0.995735 0.000709907 0.000709918 0.000710955 
0.0216561 0.144054 0.0576771 0.0288257 0.417002 0.323549 0.00723568 
2.6383e-05 0.0133735 0.012484 0.00168059 0.029359 0.0145835 0.928493 
0.999987 2.27971e-06 2.46649e-06 2.12454e-06 1.75874e-06 1.76243e-06 2.22551e-06 
0.234358 0.013788 0.257984 0.253588 0.0252455 0.180153 0.0348838 
0.00041586 0.000415527 0.000415769 0.000415324 0.000414842 0.000414849 0.997508 
0.00012496 0.00012486 0.799692 0.000124799 0.000124654 0.124781 0.0750277 
0.000192285 0.0770442 0.000192242 0.845157 0.000191814 0.000191817 0.0770308 
0.0216561 0.144054 0.0576771 0.0288257 0.417002 0.323549 0.00723568 
2.85821e-05 0.393311 0.063841 0.112367 0.0515805 0.378792 8.01606e-05 
0.0152506 0.0170516 0.0427504 0.000229269 0.000113952 0.924393 0.000211373 
0.0114615 0.000170979 0.0444881 0.0510724 0.000382469 0.892416 8.3854e-06 
0.00375852 0.452699 0.171781 0.00892869 0.23719 0.12549 0.000152752 
0.000914309 0.986707 2.21669e-06 0.00840313 1.58062e-06 0.00316945 0.000802042 
7.7649e-05 0.999037 5.62127e-07 0.000258644 4.00827e-07 0.000287278 0.000338544 
0.000273492 0.9341 0.00170097 0.00096154 0.0609618 0.00123441 0.000767448 
0.982582 0.0109117 0.000163599 3.50852e-07 0.00021372 0.0059929 0.000135404 
0.00018242 0.953492 0.00113407 0.000641104 0.0432159 0.000823006 0.000511713 
0.494105 0.00245626 0.00245768 0.00245506 0.00245221 0.00245225 0.493622 
0.99405 0.00099226 0.000992835 0.000991775 0.000990623 0.000990638 0.000992086 
0.000157278 0.0162015 3.63975e-08 0.0791055 0.296046 0.00523279 0.603257 
0.0274996 0.075406 0.00788963 0.280063 0.600904 0.00767453 0.000563162 
0.00164783 0.00164651 0.990126 0.00164571 0.00164379 0.00164382 0.00164622 
0.0178453 9.80612e-05 0.0329563 2.65137e-07 0.0360344 0.913065 2.77738e-07 
0.000994329 0.000993533 0.00099411 0.994041 0.000991894 0.00099191 0.00099336 
0.000638874 0.333798 0.330629 2.83448e-05 5.06524e-07 0.179804 0.155101 
0.00815526 0.0150403 0.646219 0.313623 0.00321681 4.19619e-05 0.0137029 
0.00815526 0.0150403 0.646219 0.313623 0.00321681 4.19619e-05 0.0137029 
0.166878 0.000277445 0.000277606 0.000277309 0.221868 0.277269 0.333153 
0.000994329 0.000993533 0.00099411 0.994041 0.000991894 0.00099191 0.00099336 
0.166453 0.120594 0.000113458 0.000349882 0.205931 0.357827 0.148732 
0.0106693 0.297482 0.0710099 0.0244619 0.423241 0.0309614 0.142175 
0.00246295 0.00246098 0.00246241 0.00245978 0.00245692 0.985236 0.00246055 
0.00483713 0.00483326 0.00483606 0.97101 0.00482529 0.00482536 0.00483241 
0.000622859 0.747455 0.125167 0.000622056 0.000621334 0.12489 0.000622252 
4.46985e-06 4.01648e-06 0.00261169 3.74311e-06 3.09863e-06 0.997369 3.921e-06 
0.000994171 0.795692 0.000993951 0.000992889 0.000991736 0.199342 0.000993201 
0.000622859 0.747455 0.125167 0.000622056 0.000621334 0.12489 0.000622252 
2.30507e-06 0.997112 2.24098e-06 1.93029e-06 0.0028779 1.60129e-06 2.02203e-06 
1.76317e-05 0.0126905 1.71415e-05 1.4765e-05 1.22228e-05 0.987232 1.54667e-05 
0.00483486 0.971026 0.00483379 0.00482862 0.00482302 0.00482309 0.00483014 
1.541e-06 0.999478 0.00030113 1.29045e-06 1.06827e-06 0.000215172 1.35178e-06 
0.00071165 0.00071108 0.000711492 0.995735 0.000709907 0.000709918 0.000710955 
0.297597 3.71867e-05 1.00334e-07 0.020828 0.681538 7.16934e-08 9.05308e-08 
0.000623081 0.000622582 0.000622943 0.996266 0.000621555 0.000621565 0.000622473 
0.116419 0.814672 3.94132e-07 0.000261132 2.81037e-07 0.0685441 0.0001028 
0.449654 0.000249469 0.150018 0.000249347 0.000249058 0.000249062 0.399331 
0.829675 0.0561055 4.64707e-07 0.00030258 9.03751e-05 0.0518964 0.0619299 
0.0962953 9.61219e-05 9.61776e-05 0.557331 0.0576739 9.59648e-05 0.288412 
5.25685e-05 0.622421 1.32969e-07 0.105785 0.0421089 0.105603 0.12403 
6.02081e-07 0.0749881 0.00013488 0.0768686 0.675267 0.132623 0.0401184 
0.00335104 0.911771 7.29885e-05 0.032875 0.000164636 0.0416648 0.0101006 
0.000331113 0.558884 0.0531291 0.17292 0.0184141 0.11227 0.084051 
0.0573976 0.017704 6.78413e-05 3.25468e-05 0.0189574 0.0225515 0.883289 
0.998596 7.62954e-07 0.000287782 7.11024e-07 0.000655359 0.000328661 0.000130268 
7.59427e-05 0.847855 0.0352123 0.0626388 2.18685e-05 0.0385313 0.0156647 
0.990547 0.000209805 0.000311339 0.000134262 2.8959e-07 2.90198e-07 0.00879738 
1.02815e-06 0.999995 9.99565e-07 8.60985e-07 7.12744e-07 7.14239e-07 9.01905e-07 
4.94708e-06 0.000893505 4.80954e-06 0.998398 3.42946e-06 0.000690766 4.33963e-06 
0.25879 0.00385354 4.67697e-06 4.02855e-06 0.000374535 3.34193e-06 0.73697 
0.000914549 0.000523024 0.242958 6.97811e-05 0.346659 1.44359e-07 0.408875 
5.639e-05 1.19338e-05 0.0374971 8.05448e-05 0.051544 0.334663 0.576147 
0.000498025 0.000149336 5.40366e-05 2.31567e-07 0.299661 0.000153871 0.699484 
0.00503353 0.0201423 0.0542785 0.130213 0.048151 0.462119 0.280063 
0.000333734 7.07916e-05 0.997513 0.000476549 0.000190568 0.000899409 0.000516401 
0.000493676 0.00556176 2.43557e-07 0.0266829 0.763381 0.00185144 0.202029 
1.05454e-05 0.94908 0.0220582 0.0141583 0.000134684 0.000156239 0.0144018 
0.509088 0.000154447 0.0491449 0.288108 0.152742 0.000461573 0.000301499 
0.332512 0.326719 0.00597465 0.000219075 0.0193805 0.000121282 0.315073 
2.3702e-05 0.0170597 0.982867 1.76442e-05 9.13237e-06 9.14237e-09 2.31006e-05 
2.43854e-06 0.00350812 2.37075e-06 0.985502 0.00135407 0.00406733 0.00556385 
0.998574 0.00021359 1.1497e-06 0.000793238 8.19801e-07 8.21521e-07 0.000415986 
2.3702e-05 0.0170597 0.982867 1.76442e-05 9.13237e-06 9.14237e-09 2.31006e-05 
0.997089 0.000179155 0.0012395 1.66795e-07 0.0010219 0.000470583 1.74722e-07 
0.000893384 0.0503966 0.00684083 0.856629 0.0637723 0.0214678 5.25075e-07 
0.000626239 0.000321726 0.00486759 0.000898737 0.000805972 0.00248447 0.989995 
7.68929e-05 0.0125612 7.56383e-05 0.0584824 0.810882 0.00821208 0.10971 
0.00815526 0.0150403 0.646219 0.313623 0.00321681 4.19619e-05 0.0137029 
0.00461865 2.9683e-06 3.21151e-06 2.76627e-06 2.28998e-06 0.994671 0.00069956 
0.104028 0.510388 0.00188217 0.217807 0.0814532 0.000960699 0.0834815 
0.00117508 0.99648 0.00122398 7.06136e-05 2.90824e-07 0.00104945 3.68008e-07 
0.000209234 0.000107493 0.00162632 0.000300279 0.000269284 0.996937 0.000550365 
2.3702e-05 0.0170597 0.982867 1.76442e-05 9.13237e-06 9.14237e-09 2.31006e-05 
0.000830113 0.000829449 0.00082993 0.000829043 0.00082808 0.663304 0.33255 
0.00165144 0.00165011 0.00165107 0.00164931 0.00164739 0.990101 0.00164983 
1.9943e-06 1.79202e-06 1.93885e-06 1.67005e-06 1.38251e-06 0.999989 1.74942e-06 
0.389239 0.000368896 0.00134417 0.000759844 0.000239672 0.000975479 0.607073 
0.000719253 0.000287444 0.998992 3.34431e-07 2.7685e-07 2.77431e-07 3.50325e-07 
0.000792722 0.997826 0.000350406 6.04856e-05 0.000749327 1.25129e-07 0.000221367 
0.151401 0.0190945 0.00325081 0.0614493 0.0925826 0.652071 0.0201512 
1.01472e-06 0.00109507 9.8651e-07 8.4974e-07 7.03435e-07 7.0491e-07 0.998901 
1.49165e-06 0.00107328 1.45018e-06 0.00183189 1.03405e-06 0.99709 1.30849e-06 
0.0502784 0.000249941 0.000250086 0.000249819 0.000249529 0.948472 0.000249897 
0.000830516 0.000829851 0.000830332 0.000829445 0.000828482 0.995022 0.000829705 
0.00815526 0.0150403 0.646219 0.313623 0.00321681 4.19619e-05 0.0137029 
0.0198836 0.00353414 0.976582 5.13341e-09 4.24956e-09 4.25847e-09 5.37738e-09 
0.00124075 0.00123976 0.00124048 0.992564 0.00123772 0.00123774 0.00123954 
4.59442e-05 0.136524 0.000118343 5.11667e-05 0.000609737 0.862637 1.37117e-05 
0.00483486 0.971026 0.00483379 0.00482862 0.00482302 0.00482309 0.00483014 
0.0192244 2.02411e-05 0.000158602 0.000136613 5.46059e-05 0.980258 0.000148039 
0.00483713 0.00483326 0.00483606 0.97101 0.00482529 0.00482536 0.00483241 
0.000131558 0.157875 0.368412 0.289186 0.000131236 0.000131238 0.184133 
0.00483566 0.00483179 0.0048346 0.00482943 0.00482382 0.0048239 0.971021 
0.00438032 0.00819829 1.77365e-06 0.98296 1.26471e-06 0.00253599 0.00192203 
0.719228 1.04496e-06 1.13058e-06 0.280421 8.06162e-07 0.000346569 1.02012e-06 
0.00849667 0.976694 0.00375577 0.000648305 0.00803155 1.34117e-06 0.00237269 
0.000629458 0.00376542 0.979746 0.00070253 0.00842298 0.00654894 0.000184669 
0.0180163 7.70707e-07 8.33856e-07 0.981794 5.94584e-07 5.95831e-07 0.000187335 
0.167471 0.000173767 1.14703e-06 9.88009e-07 0.000265966 0.481187 0.3509 
0.0501057 0.00133233 0.000959606 0.000884733 0.941976 0.00459859 0.000143383 
0.215761 0.0431522 0.276102 4.30881e-05 0.318524 0.146375 4.31016e-05 
0.175623 0.824018 4.57782e-07 3.94315e-07 3.26424e-07 0.000357746 4.13056e-07 
0.0501057 0.00133233 0.000959606 0.000884733 0.941976 0.00459859 0.000143383 
0.997449 0.00167703 3.01904e-06 2.60048e-06 0.000863249 2.15725e-06 2.72407e-06 
0.215761 0.0431522 0.276102 4.30881e-05 0.318524 0.146375 4.31016e-05 
0.000361746 0.999378 2.49512e-06 2.14919e-06 1.77915e-06 0.000251299 2.25134e-06 
0.000294032 0.000293796 0.000293967 0.587599 0.293606 0.117619 0.000293745 
0.000406399 0.000329931 0.000832373 0.000563411 9.41026e-05 2.9073e-07 0.997773 
1.73452e-06 0.999991 1.6863e-06 1.45251e-06 1.20242e-06 1.20494e-06 1.52154e-06 
0.00164877 0.99012 0.00164841 0.00164665 0.00164474 0.00164476 0.00164716 
0.0199951 0.0142205 0.768541 0.197069 7.45017e-05 5.05093e-05 4.99206e-05 
0.000406399 0.000329931 0.000832373 0.000563411 9.41026e-05 2.9073e-07 0.997773 
0.0198836 0.00353414 0.976582 5.13341e-09 4.24956e-09 4.25847e-09 5.37738e-09 
0.802209 9.09486e-08 0.000334661 0.000474731 0.196982 7.03121e-08 8.87866e-08 
0.109604 0.00803998 0.00288877 0.718713 0.122953 0.0150049 0.0227966 
0.00124016 0.992568 0.00123988 0.00123856 0.00123712 0.00123714 0.00123895 
0.00600771 0.00107729 0.99291 4.05607e-08 4.40675e-06 3.36476e-08 4.24885e-08 
0.000350787 0.999647 4.76906e-07 4.10788e-07 3.4006e-07 3.40773e-07 4.30311e-07 
2.367e-06 0.000427511 2.3012e-06 1.98216e-06 1.64088e-06 1.64432e-06 0.999563 
2.30899e-06 0.999219 0.000451203 1.93357e-06 1.60066e-06 0.000322407 2.02547e-06 
9.21205e-06 0.999953 8.95594e-06 7.71428e-06 6.38607e-06 6.39946e-06 8.08092e-06 
0.000959423 7.078e-07 7.65795e-07 0.514405 0.000997379 0.483636 6.90974e-07 
5.80787e-07 5.21879e-07 5.6464e-07 4.86358e-07 4.02619e-07 4.03463e-07 0.999997 
4.52066e-05 1.80664e-05 0.999937 2.10197e-08 1.74006e-08 1.74371e-08 2.20187e-08 
0.0900862 0.0212 0.153624 0.15346 0.0740116 0.348819 0.1588 
0.471046 0.281808 0.0743236 1.87662e-05 0.172737 8.41936e-07 6.61457e-05 
0.00282463 0.994508 5.96847e-07 0.000720253 0.00119206 4.26477e-07 0.000754486 
1.05946e-06 0.000860821 1.03e-06 0.907559 0.0915763 7.3599e-07 9.29371e-07 
1.40388e-06 0.10157 0.000439007 0.000445863 0.897541 9.7525e-07 1.2315e-06 
0.000286669 0.0668028 8.47424e-07 0.846588 0.0863204 6.05527e-07 7.64629e-07 
2.33738e-07 2.10031e-07 2.2724e-07 1.95735e-07 0.830397 0.169356 0.000246251 
0.000812951 0.817227 0.000313801 0.181085 0.000343271 5.96591e-07 0.000217564 
8.34958e-05 0.105385 0.000121947 0.000143861 0.000126355 0.0169365 0.877203 
8.06596e-05 0.145152 0.483933 0.128969 0.0805427 8.04634e-05 0.161243 
0.00269027 0.00012756 0.00257353 8.72175e-05 0.050402 0.935565 0.00855487 
0.000453541 9.71125e-05 0.258856 0.738413 0.000259142 0.00121964 0.000700897 
0.00459225 0.349364 5.13832e-05 0.00955769 0.517099 0.108326 0.01101 
0.000157864 0.000101918 0.998653 9.47487e-07 7.84352e-07 7.85997e-07 0.00108452 
2.3702e-05 0.0170597 0.982867 1.76442e-05 9.13237e-06 9.14237e-09 2.31006e-05 
0.0697293 0.00564633 0.000201678 0.000173718 0.00114806 0.923101 4.35027e-07 
0.377051 1.20838e-07 0.622948 1.12613e-07 9.3224e-08 9.34195e-08 1.17965e-07 
0.020474 0.149144 0.385334 0.00856763 0.303778 0.132695 6.68618e-06 
0.001959 0.994856 7.87845e-07 0.00049975 0.00082685 0.00133364 0.000523503 
1.3895e-07 0.999678 0.000297327 1.16359e-07 9.63245e-08 9.65265e-08 2.44997e-05 
0.0403879 0.0766571 0.258316 0.169346 0.0644504 0.261772 0.129071 
0.0148427 0.070101 8.58776e-05 0.400717 2.95745e-05 0.49578 0.0184436 
0.98716 5.50948e-06 5.96091e-06 5.13448e-06 0.00595488 0.00255988 0.00430819 
2.98588e-06 0.971259 0.0174202 0.00400316 0.00207198 2.07424e-06 0.00524112 
0.0070265 0.0339954 2.19567e-07 0.764948 0.0131505 0.180696 0.000184108 
0.0999102 0.0133108 0.00546695 0.0389904 0.750042 0.0240293 0.0682503 
0.00483486 0.971026 0.00483379 0.00482862 0.00482302 0.00482309 0.00483014 
0.000664075 2.96875e-06 3.212e-06 0.999322 2.29033e-06 2.29513e-06 2.89817e-06 
0.143024 0.14291 0.142992 0.14284 0.142674 0.142676 0.142885 
0.135947 0.074288 0.0707339 0.0923083 0.122243 0.0888496 0.415631 
0.73656 0.263402 2.03213e-07 1.75039e-07 1.44902e-07 1.45205e-07 3.6855e-05 
0.000471664 0.00127041 0.00114551 0.988869 0.00122502 0.00474549 0.00227328 
0.000210924 0.0689575 1.0853e-06 0.210046 0.686774 0.032553 0.00145796 
0.00159563 0.00107579 1.93666e-06 1.66816e-06 0.997322 1.38384e-06 1.74744e-06 
0.000625121 0.562276 1.51557e-06 0.00287329 0.433788 0.000434261 1.36749e-06 
0.00031258 0.00031233 0.000312511 0.000312177 0.561579 0.436859 0.000312275 
3.28365e-05 5.57627e-05 0.688761 0.000114501 0.0184965 0.101805 0.190734 
0.215761 0.0431522 0.276102 4.30881e-05 0.318524 0.146375 4.31016e-05 
0.999979 3.72224e-06 4.02722e-06 3.46888e-06 2.87163e-06 2.87765e-06 3.63375e-06 
0.0523972 0.118881 0.0217471 0.198272 0.0526907 4.46729e-05 0.555967 
0.716236 0.000764172 9.94158e-07 0.00156573 0.167837 0.113534 6.14531e-05 
0.00600771 0.00107729 0.99291 4.05607e-08 4.40675e-06 3.36476e-08 4.24885e-08 
0.37553 3.50697e-07 3.79431e-07 0.000131057 0.130246 0.000271394 0.493821 
0.00725263 0.020357 0.00969346 0.0015212 0.00188736 3.14696e-06 0.959285 
0.259859 0.516469 2.71728e-05 3.86063e-05 0.194486 5.2502e-05 0.0290675 
1.86758e-06 0.404436 1.81566e-06 0.00250386 1.29466e-06 1.29738e-06 0.593053 
8.6289e-07 0.000614845 8.389e-07 7.22595e-07 0.987742 0.000151033 0.01149 
0.000846408 0.901401 0.029454 0.00497846 0.0627541 0.00032867 0.000236933 
0.742464 9.80105e-07 0.000580458 0.00453945 0.0597216 0.00227779 0.190415 
0.000159477 0.0806091 5.54979e-07 0.00249789 0.284745 0.0140055 0.617982 
0.00471708 2.64749e-06 0.000575748 0.990371 0.00122753 2.04677e-06 0.00310405 
0.324181 0.000886757 2.07902e-06 0.0117047 0.333412 0.329112 0.000701422 
0.000435117 0.000249077 0.000192719 0.00511116 0.891748 0.0187189 0.0835446 
0.332353 0.383613 0.0272551 0.0403718 0.0397967 1.79414e-05 0.176592 
0.000415991 0.000415658 0.000415899 0.997507 0.000414972 0.000414979 0.000415585 
0.995404 1.23918e-06 1.34072e-06 1.15484e-06 0.00458976 9.58008e-07 1.20972e-06 
0.00357571 0.00241078 4.33994e-06 3.73825e-06 0.993998 3.1011e-06 3.91592e-06 
0.891851 0.107943 7.73942e-07 6.66643e-07 0.000203554 5.5302e-07 6.98326e-07 
0.000172394 0.103526 0.138057 0.757729 0.000171972 0.000171974 0.000172226 
0.471046 0.281808 0.0743236 1.87662e-05 0.172737 8.41936e-07 6.61457e-05 
0.143024 0.14291 0.142992 0.14284 0.142674 0.142676 0.142885 
0.888122 0.0574586 4.2619e-07 0.0155421 0.0384381 0.000116297 0.000322456 
0.0715965 8.93121e-05 0.0715806 0.017943 0.196252 0.392419 0.25012 
0.00280568 1.14543e-06 1.23929e-06 0.002563 8.83678e-07 0.994627 1.1182e-06 
7.98369e-07 0.000287673 0.998624 6.68564e-07 0.000111244 0.000555168 0.000420903 
0.000499475 0.000499075 0.000499365 0.000498831 0.797703 0.199801 0.000498988 
0.000360704 0.000144152 0.999495 1.67717e-07 1.3884e-07 1.39131e-07 1.75688e-07 
0.251135 0.000440887 1.56785e-06 0.000190776 0.000236336 1.12031e-06 0.747994 
0.994574 5.5578e-06 0.00120865 0.00311288 4.28773e-06 4.29672e-06 0.00109056 
0.116921 0.0519594 0.83086 6.48365e-05 6.47612e-05 6.47623e-05 6.48569e-05 
0.0023674 2.39474e-06 2.59096e-06 0.3308 0.333433 0.331837 0.00155812 
1.67682e-06 0.331068 0.00160691 0.334064 1.16242e-06 0.00169426 0.331563 
0.0889043 0.0349023 0.229678 0.237655 0.324517 0.0123438 0.0719997 
0.116921 0.0519594 0.83086 6.48365e-05 6.47612e-05 6.47623e-05 6.48569e-05 
8.06596e-05 0.145152 0.483933 0.128969 0.0805427 8.04634e-05 0.161243 
0.000133413 0.933881 6.50139e-05 0.000836104 2.30639e-07 0.0650842 2.9185e-07 
0.265249 9.77731e-05 0.732939 0.000578134 8.17905e-07 8.19621e-07 0.0011342 
0.0227335 4.20765e-05 0.976741 4.05933e-07 3.36041e-07 3.36746e-07 0.000482536 
0.998875 0.00112055 1.00946e-06 8.69507e-07 7.19799e-07 7.21309e-07 9.10832e-07 
0.997229 0.000110673 0.00191362 1.28764e-07 0.000746268 1.06818e-07 1.34884e-07 
0.149526 0.596034 0.000328828 0.0454655 0.000703185 1.17423e-07 0.207943 
0.000568311 0.00102049 9.1932e-07 7.91865e-07 0.000525077 0.000657556 0.997227 
0.000180623 7.21844e-05 0.999747 8.39842e-08 6.95241e-08 6.96699e-08 8.79757e-08 
0.000936573 0.00252263 0.00227462 0.00489671 0.975432 0.00942302 0.00451401 
0.629396 0.0102079 0.0266252 0.0627448 0.0706279 0.0647273 0.135671 
0.000534765 0.256671 0.742752 2.4865e-07 2.05838e-07 4.14602e-05 2.60467e-07 
0.00400386 0.000717686 0.995278 3.04513e-08 2.52083e-08 2.52612e-08 3.18986e-08 
0.00181521 7.41071e-07 8.01791e-07 0.996577 5.71721e-07 0.00160475 7.23454e-07 
0.0900862 0.0212 0.153624 0.15346 0.0740116 0.348819 0.1588 
0.0493695 0.330226 0.000259015 0.192765 0.332896 0.0592184 0.0352666 
0.00483566 0.00483179 0.0048346 0.00482943 0.00482382 0.0048239 0.971021 
0.000623351 0.000622852 0.000623213 0.62317 0.373716 0.000621834 0.000622743 
0.00402978 0.0131487 0.000133027 0.0118051 0.147155 0.0350565 0.788672 
