0.135659 0.801394 0.0394822 7.54092e-05 0.00912057 0.00447912 0.00491839 0.00487158 
0.137934 0.498747 2.68778e-07 0.000825916 0.362492 1.96568e-07 2.84078e-07 3.35176e-07 
0.125129 0.347335 0.166718 6.94965e-05 6.95112e-05 0.30487 6.94724e-05 0.0557399 
0.999997 4.90381e-07 4.78117e-07 5.24523e-07 5.35832e-07 3.49666e-07 5.05334e-07 5.96229e-07 
0.000311297 0.998613 0.000389291 7.33344e-07 7.49155e-07 0.000521552 7.06515e-07 0.000162377 
0.980695 0.00653646 0.00305969 0.000560611 1.42817e-06 0.00410164 0.00377263 0.00127291 
0.459017 0.000134919 0.0810672 0.000135003 0.459241 0.000134568 0.000134956 0.00013518 
0.000478704 0.000230669 5.60849e-07 0.000492844 0.000126339 8.24443e-05 0.998588 6.99399e-07 
0.00320319 7.68861e-06 7.49632e-06 0.993461 8.40122e-06 0.00329489 7.92305e-06 9.34818e-06 
5.6684e-05 0.000141638 0.000122012 0.959186 0.0224877 0.00591093 0.0120819 1.33996e-05 
0.00110049 2.27694e-06 2.21999e-06 0.680447 0.00195374 1.62357e-06 0.31649 2.76841e-06 
0.659481 0.00164402 0.00164363 0.330654 0.00164539 0.00163975 0.00164447 0.0016472 
0.999674 1.73166e-06 1.68835e-06 0.000315206 1.89215e-06 1.23476e-06 1.78446e-06 2.10543e-06 
2.68609e-06 2.58542e-06 2.52076e-06 0.998876 2.82505e-06 0.00110796 2.66426e-06 3.14348e-06 
0.000273471 8.10615e-05 0.000217171 0.312118 0.000265503 0.104099 0.37591 0.207035 
0.315708 0.000164653 6.98177e-05 3.8278e-08 0.328788 0.328935 8.8543e-05 0.0262458 
0.699395 0.0427915 0.148783 0.0693077 8.70626e-07 0.012042 0.025019 0.00266067 
0.000199684 0.000199615 0.000199568 0.159991 0.000199781 0.000199096 0.838811 0.000200002 
0.000607572 0.12273 0.000760135 0.873965 0.000851896 0.000250278 0.000482166 0.000353865 
9.62192e-07 0.00129751 9.02968e-07 0.000595357 0.000405799 6.60376e-07 0.997698 1.12603e-06 
0.00020005 0.898779 0.100368 6.86987e-05 0.000280509 8.23978e-05 0.000158752 6.24879e-05 
0.991339 0.0012372 0.00123691 0.00123797 0.00123823 0.00123398 0.00123754 0.00123959 
0.0229879 0.013855 0.000138191 0.0704147 0.105247 0.768074 0.0192558 2.71449e-05 
0.000161038 0.000160982 0.000160945 0.998873 0.000161117 0.000160564 0.000161027 0.000161294 
0.125025 0.124981 0.124952 0.125059 0.125086 0.124657 0.125016 0.125224 
2.87683e-07 2.76901e-07 0.0202732 3.89663e-05 3.02565e-07 0.00299487 0.976633 5.93275e-05 
0.00040621 0.000158913 0.000219838 0.705575 0.251757 0.0275421 0.0143112 2.98547e-05 
0.000108639 0.260751 0.000108576 0.282648 0.000108692 0.130091 0.282551 0.0436336 
0.00480547 0.0048038 0.00480268 0.00480679 0.966372 0.00479132 0.00480512 0.00481311 
0.022512 3.15705e-05 0.00299361 0.959744 0.00537866 0.00638605 0.00294082 1.36884e-05 
3.72709e-08 3.58741e-08 3.49769e-08 3.83718e-08 3.9199e-08 2.558e-08 1 4.36175e-08 
0.000122757 6.56062e-08 6.39654e-08 0.0337818 1.44091e-05 3.74711e-05 0.965932 0.000111754 
7.10199e-07 0.000547549 0.00279991 0.00102438 0.991044 0.00458231 7.04426e-07 8.31133e-07 
0.000229875 0.000143191 0.709098 6.95867e-08 0.290362 5.5713e-05 6.70409e-08 0.000110819 
5.97249e-06 5.74865e-06 0.0112154 0.98875 6.28146e-06 4.09907e-06 5.92394e-06 6.98949e-06 
0.00168462 0.00244074 2.31073e-06 0.00282803 2.58967e-06 0.298233 0.00272458 0.692085 
1.21615e-07 0.000206457 1.14129e-07 0.000239224 1.27906e-07 7.36489e-05 0.999438 4.19556e-05 
7.70068e-08 7.41208e-08 7.2267e-08 7.92813e-08 8.09906e-08 5.28517e-08 0.999999 9.01196e-08 
5.39273e-08 5.19062e-08 2.02938e-05 0.999979 5.67171e-08 3.70117e-08 5.34889e-08 6.31101e-08 
2.55906e-07 2.46315e-07 2.40155e-07 0.000103082 2.69144e-07 1.75635e-07 0.999895 2.99482e-07 
0.706321 0.00437428 0.00496026 5.04205e-05 0.275933 0.00667858 0.00111073 0.000571919 
9.73516e-07 0.000336579 0.00171896 0.745025 0.250104 0.00281279 9.65603e-07 1.13929e-06 
1.69085e-06 1.62749e-06 1.58678e-06 0.000147245 1.77833e-06 0.999842 1.67711e-06 1.97877e-06 
0.000998869 9.20334e-07 8.97316e-07 0.672222 0.000117621 0.000305054 0.325445 0.000909439 
1.88428e-07 1.81366e-07 0.000283105 1.93994e-07 0.999716 1.29323e-07 1.86897e-07 2.20514e-07 
2.2709e-06 2.18579e-06 2.13112e-06 2.33797e-06 2.38838e-06 0.999984 2.25244e-06 2.65759e-06 
0.340355 0.0628766 0.0950627 0.19909 0.0195411 0.0339709 0.000145079 0.248959 
0.00110888 0.69097 0.000196967 8.4143e-07 0.000770452 0.232726 0.000249653 0.0739777 
0.0016443 0.00164372 0.00164334 0.988493 0.0016451 0.00163945 0.00164418 0.00164691 
0.222205 0.000277313 0.000277249 0.000277486 0.333331 0.387506 0.000277389 0.055848 
0.855514 6.44983e-07 0.000426949 3.187e-05 0.122374 0.0214431 3.07039e-05 0.000177997 
5.8768e-06 5.65655e-06 5.51508e-06 0.00484636 0.99512 4.0334e-06 5.82903e-06 6.87751e-06 
0.654855 0.000172225 0.069046 0.0691052 0.000172368 0.206304 0.000172272 0.000172558 
0.000312028 0.187463 0.000311847 0.000312114 0.0627483 0.31142 0.437119 0.000312524 
0.122041 0.0332184 0.00516916 0.670617 0.0363831 0.0024313 0.00363604 0.126503 
0.000764265 0.000839875 1.3298e-06 0.00269214 0.993197 0.00219993 0.000304064 1.65831e-06 
4.49186e-07 0.000259843 4.21538e-07 4.62453e-07 9.49573e-05 0.000308596 0.999335 5.25674e-07 
0.999997 4.90381e-07 4.78117e-07 5.24523e-07 5.35832e-07 3.49666e-07 5.05334e-07 5.96229e-07 
0.000236807 6.54397e-06 0.000349203 9.75412e-05 0.000249057 6.03816e-05 0.99881 0.000190045 
0.000312438 0.000312329 0.000312257 0.000312524 0.187867 0.810259 0.000312415 0.000312935 
4.49186e-07 0.000259843 4.21538e-07 4.62453e-07 9.49573e-05 0.000308596 0.999335 5.25674e-07 
9.92477e-05 0.00744731 5.02145e-05 0.938797 0.0458374 9.94548e-08 2.75503e-05 0.00774128 
0.995955 0.000692281 0.000293547 1.60939e-07 0.00115102 0.000987151 0.000372277 0.000549004 
0.997806 1.99503e-06 1.94514e-06 2.13393e-06 0.00218212 1.42256e-06 2.05587e-06 2.42566e-06 
0.000829849 0.00082956 0.000829368 0.000830077 0.000830253 0.828233 0.166787 0.000831168 
0.966354 0.00480606 0.00480495 0.00480906 0.00481007 0.00479358 0.00480739 0.00481538 
4.49186e-07 0.000259843 4.21538e-07 4.62453e-07 9.49573e-05 0.000308596 0.999335 5.25674e-07 
3.19867e-06 0.990757 3.00179e-06 0.00658962 3.36414e-06 0.00263658 3.17267e-06 3.74334e-06 
0.0480201 0.00728288 0.028643 0.576078 0.000578961 0.328875 0.000483668 0.0100382 
3.78711e-06 0.209254 3.55401e-06 3.89897e-06 0.000294271 0.788516 0.00192012 4.43198e-06 
1.49881e-06 0.0360592 1.40656e-06 1.54308e-06 9.77837e-05 0.212385 0.751451 1.75403e-06 
0.00123805 0.991335 0.00123734 0.00123839 0.00123866 0.00123441 0.00123796 0.00124002 
1.06061e-06 1.02086e-06 9.95326e-07 0.00218497 1.11547e-06 0.00218448 0.000421846 0.995205 
0.000226698 0.982835 1.7714e-07 0.000544325 0.0160012 0.000129679 0.0002623 2.209e-07 
1.12645e-06 1.08423e-06 1.05711e-06 1.15972e-06 0.997535 0.00201085 0.000448033 1.31826e-06 
0.000312028 0.187463 0.000311847 0.000312114 0.0627483 0.31142 0.437119 0.000312524 
0.399036 0.199697 0.000497883 0.000498309 0.100182 0.0998377 0.199752 0.000498964 
1.00338e-06 9.65779e-07 9.41624e-07 6.23331e-05 0.326668 0.000775898 9.95227e-07 0.672489 
0.000608736 0.000117653 5.70698e-07 6.2609e-07 6.39589e-07 4.17374e-07 0.00120697 0.998064 
0.000416088 0.000415943 0.000415846 0.000416202 0.0836745 0.664194 0.25005 0.000416749 
0.0314773 0.00190325 0.0614952 0.00448519 0.846581 0.00493025 0.0222152 0.0269127 
1.18136e-05 0.0204789 1.10865e-05 1.21625e-05 1.24248e-05 0.979448 1.17176e-05 1.38252e-05 
0.0793976 0.000670283 0.00371511 1.48044e-05 0.223012 0.00464504 0.000934414 0.687611 
4.46804e-05 0.0357765 0.187593 0.0626144 0.295079 0.418803 4.46771e-05 4.47513e-05 
0.830665 5.26855e-05 5.13678e-05 0.169118 1.43563e-07 0.000112514 1.35392e-07 1.59745e-07 
4.54119e-07 4.371e-07 4.26168e-07 4.67532e-07 0.0384961 0.961076 4.50428e-07 0.00042569 
0.982031 6.66267e-05 0.0104283 2.76406e-05 0.000871322 5.50055e-05 0.00643878 8.10081e-05 
0.000710383 0.000710135 0.284698 0.000710578 0.000710728 0.000708291 0.711041 0.000711511 
2.55009e-07 2.45452e-07 0.000181552 0.990438 0.00846524 1.75019e-07 0.00091439 2.98432e-07 
4.29779e-06 0.996953 4.03326e-06 4.42473e-06 4.52013e-06 2.94968e-06 4.26286e-06 0.00302281 
0.796631 0.000161993 9.46569e-07 0.0797437 0.104127 0.00012434 7.7584e-05 0.0191338 
0.654855 0.000172225 0.069046 0.0691052 0.000172368 0.206304 0.000172272 0.000172558 
2.72225e-06 0.0057671 2.55469e-06 0.225898 2.86308e-06 1.86835e-06 0.000542723 0.767782 
7.38757e-07 7.1107e-07 0.999995 7.60577e-07 7.76974e-07 5.07027e-07 7.32752e-07 8.64553e-07 
1.42702e-06 0.0140505 1.33919e-06 1.46917e-06 0.328889 0.000841293 0.321669 0.334546 
3.84726e-06 0.00440382 3.61046e-06 0.0761486 4.04629e-06 2.64047e-06 0.000416024 0.919017 
0.00208949 5.29118e-07 0.00020687 0.0910066 5.78159e-07 0.906695 5.45252e-07 6.43327e-07 
0.000293404 0.645554 0.000293233 0.117687 0.000293546 0.00029254 0.0589696 0.176616 
2.09787e-07 2.01925e-07 1.96874e-07 2.15983e-07 2.2064e-07 1.43982e-07 0.999999 2.4551e-07 
0.000991751 0.000991406 0.000991176 0.794612 0.199439 0.000988831 0.000991679 0.000993327 
0.497855 0.087134 0.242065 0.0244596 0.00129442 0.0478495 0.0993418 6.30193e-07 
0.000239795 0.732076 1.39822e-06 0.00112066 0.152248 0.00125109 1.47782e-06 0.113061 
7.40698e-08 5.71063e-05 0.000292014 0.0428416 0.000514229 0.956295 7.34677e-08 8.66824e-08 
0.125025 0.124981 0.124952 0.125059 0.125086 0.124657 0.125016 0.125224 
1.09264e-06 1.05169e-06 1.02539e-06 0.998241 1.14917e-06 0.00134207 0.000411608 1.2787e-06 
7.0682e-08 6.8033e-08 6.63315e-08 0.0175668 7.4413e-05 0.982292 7.01075e-08 6.62571e-05 
0.0716657 0.000178655 0.000178613 0.000178766 0.143222 0.784219 0.000178704 0.000179001 
0.00132667 7.09023e-07 6.9129e-07 0.000455791 0.000155723 0.00040496 0.996448 0.00120775 
0.771815 0.000509501 0.000397446 0.0230163 0.139941 0.0309351 0.0331887 0.000197216 
0.834804 3.31451e-07 4.06658e-05 0.0051814 0.000357197 0.159503 0.000112516 4.02994e-07 
0.00245117 0.00245031 0.00244974 0.00245184 0.00245236 0.00244395 0.982846 0.00245506 
0.00245117 0.00245031 0.00244974 0.00245184 0.00245236 0.00244395 0.982846 0.00245506 
0.125025 0.124981 0.124952 0.125059 0.125086 0.124657 0.125016 0.125224 
7.59432e-07 0.999102 7.12688e-07 7.81862e-07 7.98719e-07 0.000274985 0.000619074 8.88748e-07 
1.55735e-07 1.49899e-07 8.0184e-06 0.999971 2.03253e-05 1.06885e-07 1.54469e-07 1.82254e-07 
0.125025 0.124981 0.124952 0.125059 0.125086 0.124657 0.125016 0.125224 
0.000249438 0.000249351 0.000249293 0.698867 0.149985 0.000248704 0.149901 0.000249835 
2.64196e-06 0.00418644 2.47935e-06 0.333811 0.00126556 0.331046 0.328295 0.00139046 
0.000454232 0.000454074 0.000453968 0.000454357 0.000454453 0.99682 0.000454199 0.000454954 
4.46804e-05 0.0357765 0.187593 0.0626144 0.295079 0.418803 4.46771e-05 4.47513e-05 
0.0046154 2.21017e-05 2.15489e-05 0.0142079 0.975693 1.57596e-05 2.27756e-05 0.00540133 
2.15628e-06 0.999648 0.000339169 2.21996e-06 2.26783e-06 1.47991e-06 2.13875e-06 2.52345e-06 
0.000131471 0.000131425 0.630826 0.34205 0.000131535 0.000131084 0.000131461 0.0264677 
0.000498045 0.000497872 0.000497756 0.000498182 0.000498288 0.000496579 0.996514 0.000498837 
0.103487 8.61374e-05 0.0862036 8.61911e-05 8.62094e-05 0.171913 0.41366 0.224478 
0.0281695 0.00319689 0.938975 8.52735e-06 0.0296268 5.68463e-06 8.21538e-06 9.6931e-06 
0.000451189 1.24682e-05 0.000665338 0.000185846 0.00047453 0.0461331 0.951715 0.000362093 
2.68503e-06 0.00164663 0.00296876 0.00190782 2.82394e-06 0.670549 0.322586 0.000336295 
0.125025 0.124981 0.124952 0.125059 0.125086 0.124657 0.125016 0.125224 
1.55735e-07 1.49899e-07 8.0184e-06 0.999971 2.03253e-05 1.06885e-07 1.54469e-07 1.82254e-07 
0.00040382 0.00154894 0.00188728 0.99573 0.000424712 1.37887e-06 1.99273e-06 2.35116e-06 
0.000217026 0.999777 1.01328e-06 1.11163e-06 1.13559e-06 7.41049e-07 1.07096e-06 1.26359e-06 
0.00015161 0.000151557 0.000151522 0.182134 0.151836 0.665272 0.000151599 0.000151851 
0.000108639 0.260751 0.000108576 0.282648 0.000108692 0.130091 0.282551 0.0436336 
1.69918e-07 0.000130088 1.5946e-07 0.11807 1.78708e-07 4.6438e-05 0.881727 2.65271e-05 
7.24562e-05 7.2431e-05 0.231797 0.174015 0.275541 0.173455 0.144974 7.25714e-05 
0.0708424 7.44969e-07 0.146197 0.000108649 8.14015e-07 0.762838 7.57394e-05 0.0199369 
0.0336 0.965907 1.30621e-07 0.000401379 5.87018e-05 9.55282e-08 1.38056e-07 3.27407e-05 
1.6608e-06 1.59856e-06 0.999989 1.70986e-06 1.74672e-06 1.13985e-06 1.6473e-06 1.94361e-06 
2.99454e-07 2.88231e-07 2.81022e-07 0.999998 3.14945e-07 2.05523e-07 2.97019e-07 3.50445e-07 
4.42138e-06 4.25567e-06 0.99997 4.55197e-06 4.6501e-06 3.0345e-06 4.38544e-06 5.17425e-06 
0.222205 0.000277313 0.000277249 0.000277486 0.333331 0.387506 0.000277389 0.055848 
0.000657649 1.58211e-07 0.000246961 0.921437 0.000173048 0.000270862 1.63035e-07 0.0772139 
0.000121465 0.998447 0.000758865 0.000666344 1.66859e-06 1.08887e-06 1.57362e-06 1.85667e-06 
0.0250078 9.80853e-05 0.217038 0.0348359 0.00798504 0.417941 0.0636741 0.23342 
0.000108639 0.260751 0.000108576 0.282648 0.000108692 0.130091 0.282551 0.0436336 
2.66112e-07 0.000614987 2.49733e-07 0.998353 2.79879e-07 0.00021935 0.000686533 0.000124882 
9.52656e-08 0.000201821 0.999443 9.80794e-08 0.000120333 7.85251e-05 9.44912e-08 0.000156194 
4.42138e-06 4.25567e-06 0.99997 4.55197e-06 4.6501e-06 3.0345e-06 4.38544e-06 5.17425e-06 
0.000991794 0.000991449 0.000991218 0.993059 0.000992276 0.000988874 0.000991721 0.00099337 
0.0396732 0.0145144 0.0954251 2.47903e-05 0.32793 0.507781 0.00978103 0.00487102 
0.000222196 0.000512985 2.08312e-07 0.000594408 0.000280383 0.768647 0.229638 0.000104169 
0.00245809 0.00245723 0.00245666 0.00245876 0.00245928 0.98279 0.00245791 0.00246199 
1.6608e-06 1.59856e-06 0.999989 1.70986e-06 1.74672e-06 1.13985e-06 1.6473e-06 1.94361e-06 
8.97882e-07 8.64231e-07 8.42617e-07 0.000370685 9.44331e-07 6.16239e-07 0.999414 0.000211206 
1.6608e-06 1.59856e-06 0.999989 1.70986e-06 1.74672e-06 1.13985e-06 1.6473e-06 1.94361e-06 
0.00164531 0.988485 0.00164435 0.00164576 0.00164611 0.00164046 0.00164519 0.00164792 
0.000355786 0.000355662 0.000355579 0.000355884 0.14274 0.000354739 0.284964 0.570519 
7.10017e-07 6.83407e-07 6.66315e-07 0.000146929 7.46747e-07 0.000585249 7.04245e-07 0.999264 
1.11804e-07 1.07614e-07 1.04923e-07 0.999999 1.17588e-07 7.67341e-08 1.10895e-07 1.30842e-07 
0.000108639 0.260751 0.000108576 0.282648 0.000108692 0.130091 0.282551 0.0436336 
0.117707 0.645841 0.234984 0.000293614 0.000293677 0.00029267 0.000293512 0.000294 
0.00216542 4.04343e-06 0.000677944 4.32494e-06 0.0025223 0.990713 0.00166636 0.00224626 
7.10017e-07 6.83407e-07 6.66315e-07 0.000146929 7.46747e-07 0.000585249 7.04245e-07 0.999264 
0.00244717 0.00244632 0.00244575 0.00244785 0.00244836 0.00243997 0.002447 0.982878 
0.158341 0.053674 0.000134748 0.444297 0.0570766 0.0210492 0.258393 0.0070348 
0.125129 0.347335 0.166718 6.94965e-05 6.95112e-05 0.30487 6.94724e-05 0.0557399 
0.000622121 0.000621904 0.00062176 0.000622292 0.747531 0.248736 0.000622076 0.000623109 
0.999397 6.00239e-07 0.000351721 6.42029e-07 6.55871e-07 4.28e-07 0.000248035 7.29799e-07 
0.992835 0.00712858 5.78709e-06 6.34879e-06 6.48567e-06 4.23233e-06 6.11652e-06 7.21671e-06 
2.36134e-07 0.000726504 2.216e-07 0.985831 0.013318 6.30708e-05 6.08445e-05 2.76343e-07 
2.13394e-07 0.0114717 0.146991 0.839896 1.80665e-05 0.00140379 0.000157103 6.19536e-05 
0.650894 6.09571e-06 0.0242608 0.0202264 0.225886 5.49367e-05 0.000189063 0.0784832 
0.125129 0.347335 0.166718 6.94965e-05 6.95112e-05 0.30487 6.94724e-05 0.0557399 
3.43892e-07 0.000215344 0.00110091 0.000402825 0.330057 0.334248 3.41096e-07 0.333975 
0.00102831 9.10662e-07 0.0310165 0.000245062 0.000499146 0.000650801 9.38429e-07 0.966558 
0.843443 0.00876557 0.114536 3.85928e-05 0.00010344 0.00857655 0.0156754 0.00886215 
0.307959 1.43407e-06 1.39821e-06 1.53392e-06 0.000855327 0.131658 0.559522 1.74361e-06 
0.125025 0.124981 0.124952 0.125059 0.125086 0.124657 0.125016 0.125224 
2.52301e-07 0.0216013 2.36772e-07 0.978373 2.47084e-05 1.73161e-07 2.50251e-07 2.95264e-07 
0.00181346 0.000403324 0.000131515 0.604398 0.000294048 4.78518e-07 6.91551e-07 0.392959 
0.000210936 0.000607073 9.84843e-07 0.909725 0.0889616 7.20255e-07 1.04091e-06 0.000492483 
0.000226798 0.000226719 0.000226667 0.998413 0.000226909 0.000226131 0.000226782 0.000227159 
1.06745e-06 5.82101e-05 0.199416 0.0555644 0.000516605 0.742016 1.05878e-06 0.00242635 
0.898074 0.000176147 0.00398554 7.78808e-05 0.000292809 0.000251096 9.47787e-05 0.0970475 
9.73372e-05 0.16257 0.038037 0.136955 0.000234591 0.657749 0.000252317 0.00410514 
0.065582 2.975e-06 0.203358 4.29234e-05 0.616144 0.0290488 0.0578975 0.0279237 
0.117707 0.645841 0.234984 0.000293614 0.000293677 0.00029267 0.000293512 0.000294 
0.658108 0.0850443 0.212428 0.00047606 0.000444228 0.0403158 0.000143891 0.00304016 
0.00895565 0.023936 0.0112043 5.11948e-06 5.22985e-06 0.0150198 0.00395068 0.936923 
1.19963e-06 0.0524108 1.1258e-06 0.329231 0.180595 0.000169161 0.437591 1.40391e-06 
0.891777 1.17721e-05 0.000604084 0.000169103 0.000431026 0.0497454 0.000360098 0.0569016 
0.000216889 0.520568 0.000216763 0.000216949 0.000216995 0.000216251 0.000216874 0.478132 
8.73793e-05 0.028939 4.80894e-05 0.0825742 0.00058738 0.887185 4.35918e-05 0.000534862 
0.994309 9.94849e-07 9.69967e-07 1.06411e-06 0.00108814 7.09375e-07 1.02518e-06 0.00459763 
0.00071028 0.000710032 0.000709867 0.000710475 0.000710625 0.000708189 0.995029 0.000711408 
7.33869e-07 7.06365e-07 6.88699e-07 0.999438 0.000155139 0.000403442 7.27903e-07 8.58833e-07 
0.00482138 0.0048197 0.00481858 0.00482271 0.00482373 0.966244 0.00482103 0.00482904 
0.994207 0.000827528 0.000827335 0.000828043 0.000828218 0.000825379 0.000827755 0.000829131 
0.00123797 0.74376 0.00123725 0.00123831 0.00123857 0.00123433 0.248813 0.00123994 
8.35909e-07 8.04582e-07 7.84459e-07 0.0693655 8.79153e-07 5.73706e-07 0.930434 0.000196628 
0.142666 0.000178047 0.000178006 0.000178158 0.178374 0.000177585 0.000178096 0.67807 
0.000621411 0.000621195 0.373251 0.000621582 0.000621713 0.000619582 0.000621366 0.623022 
0.00164568 0.00164511 0.988482 0.00164614 0.00164648 0.00164084 0.00164556 0.0016483 
3.75486e-07 0.999382 3.52375e-07 0.000541594 3.94911e-07 2.57706e-07 7.48591e-05 4.39424e-07 
2.49994e-05 0.846081 2.13983e-07 0.136332 0.0165958 0.000877834 7.47193e-05 1.37887e-05 
0.000311894 0.000311785 0.499052 0.374687 0.000312045 0.124701 0.000311871 0.000312389 
0.00071021 0.000709962 0.000709798 0.284873 0.000710555 0.000708119 0.710867 0.000711338 
5.02054e-07 4.83238e-07 0.00150816 0.994072 0.00200703 0.000827317 0.000996442 0.000588133 
7.60571e-05 0.000467586 0.204127 0.0119601 0.418685 0.225273 0.0682072 0.0712039 
0.00099137 0.000991025 0.000990795 0.000991642 0.794473 0.000988452 0.000991298 0.199582 
1.12872e-06 1.08641e-06 1.05924e-06 1.16205e-06 0.999545 7.74666e-07 0.000448936 1.32091e-06 
0.129115 0.000161136 0.000161098 0.354882 0.00016127 0.257308 0.25805 0.000161448 
0.00123797 0.74376 0.00123725 0.00123831 0.00123857 0.00123433 0.248813 0.00123994 
3.57276e-06 0.00206675 3.35286e-06 3.67829e-06 3.75759e-06 2.45208e-06 0.997912 4.18113e-06 
0.000816977 2.31915e-05 0.00120439 0.00033692 0.898664 0.000208598 0.0980897 0.000655891 
3.69446e-07 3.556e-07 0.999693 3.80358e-07 3.88558e-07 0.000304525 3.66443e-07 4.32355e-07 
0.00164568 0.00164511 0.988482 0.00164614 0.00164648 0.00164084 0.00164556 0.0016483 
5.83998e-06 5.62111e-06 5.48053e-06 0.0228535 0.00491982 0.967563 0.00463981 6.83442e-06 
0.00010699 4.67322e-07 4.55634e-07 0.977712 6.12186e-05 0.0219064 0.000211759 5.68192e-07 
1.79168e-06 0.000346631 1.6814e-06 1.8446e-06 1.88437e-06 1.22967e-06 0.998385 0.00126016 
0.104625 0.000256426 0.000102819 0.000295342 0.131507 0.702257 0.0562019 0.00475528 
0.0319414 6.33891e-06 0.0396834 0.0840911 0.658839 0.160593 0.0109196 0.0139251 
0.00232288 0.653854 0.00342497 0.000957278 0.00244304 0.000592628 0.167666 0.168739 
0.000621672 0.000621455 0.000621311 0.622465 0.373806 0.000619842 0.000621627 0.00062266 
4.06575e-05 0.0894558 0.755831 4.06687e-05 0.0488534 0.0486858 4.06545e-05 0.0570517 
1.40127e-06 0.999756 1.31502e-06 1.44265e-06 1.47376e-06 9.61724e-07 0.000235417 1.63987e-06 
5.08464e-07 0.412082 4.77168e-07 5.23482e-07 0.0216053 0.000349321 0.565961 5.95046e-07 
0.000108639 0.260751 0.000108576 0.282648 0.000108692 0.130091 0.282551 0.0436336 
0.0144363 0.0829557 0.0047931 0.0952405 0.0878274 0.000466198 0.686583 0.0276974 
0.033589 0.0974765 0.0056867 0.000109643 0.268472 0.0455906 0.548459 0.000616794 
4.32456e-07 0.0259399 4.05838e-07 0.973959 9.88822e-05 2.96806e-07 4.28941e-07 5.06095e-07 
6.1525e-05 4.26129e-05 0.000175212 3.87997e-07 0.508414 0.0355048 0.000138713 0.455663 
0.665664 3.82205e-06 0.0377201 5.63179e-05 0.151841 0.0385321 0.00012006 0.106062 
0.999834 0.000160848 7.80224e-07 8.55953e-07 8.74407e-07 5.70609e-07 8.24639e-07 9.72968e-07 
0.0218697 0.000792469 0.0228803 4.12405e-05 0.0235259 0.0372152 0.842711 0.0509638 
4.46804e-05 0.0357765 0.187593 0.0626144 0.295079 0.418803 4.46771e-05 4.47513e-05 
4.46804e-05 0.0357765 0.187593 0.0626144 0.295079 0.418803 4.46771e-05 4.47513e-05 
0.0828589 0.0684991 0.708918 2.34999e-05 0.0140038 0.0760443 5.01151e-05 0.0496025 
4.46804e-05 0.0357765 0.187593 0.0626144 0.295079 0.418803 4.46771e-05 4.47513e-05 
2.40635e-07 0.0122328 0.470908 0.0196422 0.19382 0.284258 0.0189812 0.00015731 
4.46804e-05 0.0357765 0.187593 0.0626144 0.295079 0.418803 4.46771e-05 4.47513e-05 
6.13588e-07 9.26944e-05 0.000472027 0.000173036 0.998488 0.000772097 6.086e-07 7.1807e-07 
0.54395 0.000452756 0.000452651 0.000453038 0.000453134 0.000451581 0.453334 0.000453634 
0.000119138 0.214493 0.000119069 0.000119171 0.0716369 0.617812 0.00011913 0.0955815 
0.0362526 6.3398e-08 0.00127169 0.00407718 4.07143e-06 0.00809886 0.922585 0.0277101 
4.46804e-05 0.0357765 0.187593 0.0626144 0.295079 0.418803 4.46771e-05 4.47513e-05 
0.187545 0.331143 1.78373e-06 0.327144 0.000202081 0.000523572 0.15188 0.00156067 
0.0279271 0.293082 0.000667207 1.21047e-06 0.000464076 0.000893915 0.000874158 0.67609 
0.253634 0.0951563 0.02669 0.0482947 0.000116189 0.559903 3.78437e-05 0.016168 
0.00480644 0.00480477 0.00480365 0.966364 0.00480878 0.00479229 0.00480609 0.00481408 
0.000621672 0.000621455 0.000621311 0.622465 0.373806 0.000619842 0.000621627 0.00062266 
0.725812 0.000575729 0.000575349 0.27248 0.000229698 8.15775e-07 0.000324146 1.39101e-06 
6.13588e-07 9.26944e-05 0.000472027 0.000173036 0.998488 0.000772097 6.086e-07 7.1807e-07 
3.76595e-06 3.62481e-06 0.995221 3.87718e-06 0.00475689 2.58467e-06 3.73534e-06 4.40722e-06 
0.172432 0.00288638 0.661852 0.00848953 0.0864986 0.0244335 0.0433712 3.735e-05 
4.51861e-06 4.34926e-06 4.24049e-06 0.00279589 4.75237e-06 0.996119 4.48188e-06 0.0010629 
4.3108e-06 0.99997 4.04547e-06 4.43813e-06 4.53381e-06 2.95861e-06 4.27576e-06 5.04485e-06 
4.81272e-06 4.63236e-06 4.5165e-06 0.99693 0.00304208 3.30309e-06 4.7736e-06 5.63224e-06 
0.906131 6.33518e-07 6.17674e-07 0.000153461 6.92235e-07 2.2044e-05 0.0936912 7.70262e-07 
4.16765e-06 0.000806302 3.91113e-06 4.29074e-06 4.38325e-06 2.86036e-06 0.996243 0.00293127 
0.83099 0.000415144 0.000415048 0.000415403 0.000415491 0.000414066 0.166519 0.000415949 
0.000311756 0.000311647 0.000311575 0.000311841 0.000311907 0.373316 0.000311733 0.624814 
0.000384028 0.537836 0.000383805 0.000384134 0.000384215 0.459859 0.000384 0.000384638 
0.00071028 0.000710032 0.000709867 0.000710475 0.000710625 0.000708189 0.995029 0.000711408 
2.66526e-05 2.75193e-05 0.0774617 5.14541e-05 0.816733 0.105348 0.000351566 8.75249e-08 
0.000473644 1.03584e-06 1.00993e-06 0.293203 0.614741 0.0913905 0.000188558 1.25942e-06 
0.00082723 0.166215 0.00082675 0.000827457 0.000827632 0.000824795 0.331695 0.497956 
7.98008e-07 0.985011 0.00314608 0.00115103 0.00554017 0.00514886 7.91521e-07 9.33893e-07 
0.994207 0.000827528 0.000827335 0.000828043 0.000828218 0.000825379 0.000827755 0.000829131 
5.08464e-07 0.412082 4.77168e-07 5.23482e-07 0.0216053 0.000349321 0.565961 5.95046e-07 
2.85854e-06 0.996011 2.68259e-06 2.94297e-06 3.00642e-06 0.00196385 2.8353e-06 0.00201052 
0.000553418 0.000553225 0.996127 0.000553569 0.000553687 0.000551788 0.000553377 0.000554297 
0.412523 0.00329194 0.00256782 0.000704793 0.578438 0.000845334 0.00162867 8.00342e-07 
5.08464e-07 0.412082 4.77168e-07 5.23482e-07 0.0216053 0.000349321 0.565961 5.95046e-07 
6.26957e-06 6.0346e-06 5.88367e-06 6.45475e-06 6.59391e-06 4.30296e-06 0.999957 7.33715e-06 
1.34129e-06 0.00129231 1.25874e-06 0.00165847 1.41068e-06 0.996414 1.33039e-06 0.000629446 
0.00771805 1.56501e-05 0.00148129 0.000843557 0.989052 1.20164e-05 0.00046651 0.000411061 
0.0233333 0.891725 7.25429e-05 0.0119057 0.00559509 0.0462023 9.19646e-05 0.0210746 
1.65587e-06 1.59382e-06 0.997639 1.70478e-06 1.74154e-06 0.0013649 0.000987091 1.93784e-06 
2.64314e-06 0.00458189 2.48046e-06 2.72121e-06 2.77988e-06 1.81406e-06 2.62166e-06 0.995403 
4.06575e-05 0.0894558 0.755831 4.06687e-05 0.0488534 0.0486858 4.06545e-05 0.0570517 
0.000959469 0.000400818 0.000169958 9.31807e-08 0.000666423 0.000571543 0.0433238 0.953908 
0.000414664 0.00041452 0.000414423 0.000414778 0.0833882 0.000413443 0.000414634 0.914125 
8.02753e-07 0.000294597 0.996209 0.000707962 0.000677302 0.000210063 0.00136333 0.00053681 
4.46804e-05 0.0357765 0.187593 0.0626144 0.295079 0.418803 4.46771e-05 4.47513e-05 
0.00245183 0.98284 0.00245041 0.0024525 0.00245302 0.00244461 0.00245165 0.00245572 
4.06575e-05 0.0894558 0.755831 4.06687e-05 0.0488534 0.0486858 4.06545e-05 0.0570517 
0.00123771 0.00123728 0.001237 0.00123805 0.00123832 0.00123407 0.991338 0.00123968 
4.06575e-05 0.0894558 0.755831 4.06687e-05 0.0488534 0.0486858 4.06545e-05 0.0570517 
0.0497437 0.0257385 0.173599 0.0140533 0.000140908 0.0118825 0.724789 5.34396e-05 
3.58855e-06 0.999385 3.36767e-06 0.000594542 3.77419e-06 2.46291e-06 3.55938e-06 4.19961e-06 
0.697843 3.64075e-06 0.024111 0.0201074 0.0211194 0.0127605 0.000115053 0.22394 
0.54395 0.000452756 0.000452651 0.000453038 0.000453134 0.000451581 0.453334 0.000453634 
4.06575e-05 0.0894558 0.755831 4.06687e-05 0.0488534 0.0486858 4.06545e-05 0.0570517 
0.000152047 4.24319e-06 0.284158 0.505046 0.000159912 0.0857402 0.118173 0.0065664 
1.10643e-06 1.06496e-06 0.999081 1.13911e-06 1.16367e-06 0.000912003 1.09744e-06 1.29483e-06 
0.00079884 0.00105706 0.00870996 5.13701e-07 0.000630256 0.98749 0.000495402 0.000818083 
0.0970298 0.0423644 0.0959528 0.365977 0.0234424 0.0283863 0.346711 0.000136345 
0.000355757 0.000355634 0.000355551 0.000355855 0.498659 0.00035471 0.000355731 0.499208 
4.95093e-07 0.999568 4.6462e-07 5.09716e-07 5.20705e-07 3.39795e-07 0.00042896 5.79397e-07 
0.220684 0.00305682 0.00081154 0.000226684 0.000578804 0.000140325 0.77406 0.00044166 
1.04216e-06 0.0657115 5.49324e-05 0.000474284 0.000666238 0.000355845 0.000266281 0.93247 
0.16667 0.00676509 0.000541141 0.000151248 0.000385997 9.36337e-05 0.825098 0.000294582 
0.00244717 0.00244632 0.00244575 0.00244785 0.00244836 0.00243997 0.002447 0.982878 
0.00123627 0.248404 0.00123556 0.00123661 0.00123687 0.00123263 0.00123618 0.744182 
9.89096e-05 0.571517 0.000170108 0.427724 3.47332e-05 4.5275e-05 0.000294154 0.000115752 
0.0547838 0.00110644 0.0930943 0.00193434 0.118114 0.726431 0.00445235 8.36994e-05 
0.00164216 0.00164159 0.00164121 0.00164261 0.00164296 0.00163733 0.00164204 0.98851 
5.02773e-07 8.33999e-05 0.000424894 0.000155723 0.998459 0.000695043 0.000180978 5.88386e-07 
0.000994972 0.000994626 0.000994395 0.000995245 0.000995456 0.993034 0.0009949 0.000996553 
2.03359e-06 0.330855 1.90842e-06 0.327647 0.00102906 0.331399 0.00663178 0.00243419 
0.00771805 1.56501e-05 0.00148129 0.000843557 0.989052 1.20164e-05 0.00046651 0.000411061 
0.00771805 1.56501e-05 0.00148129 0.000843557 0.989052 1.20164e-05 0.00046651 0.000411061 
0.000356579 0.641975 0.000356372 0.000356677 0.000356753 0.355885 0.000356553 0.000357146 
0.00164426 0.00164368 0.0016433 0.00164471 0.659667 0.00163941 0.33047 0.00164687 
0.00152664 0.00226488 0.000316406 0.000967687 0.0014822 0.000725628 0.000583114 0.992133 
2.04633e-07 0.0322632 0.0460303 1.00453e-05 0.833366 0.0188131 6.46944e-05 0.0694521 
0.00245183 0.98284 0.00245041 0.0024525 0.00245302 0.00244461 0.00245165 0.00245572 
0.00480808 0.0048064 0.00480529 0.0048094 0.00481042 0.00479392 0.966351 0.00481572 
0.000991794 0.000991449 0.000991218 0.993059 0.000992276 0.000988874 0.000991721 0.00099337 
0.00480808 0.0048064 0.00480529 0.0048094 0.00481042 0.00479392 0.966351 0.00481572 
0.00164486 0.00164429 0.0016439 0.00164531 0.00164566 0.00164002 0.988488 0.00164747 
0.000991794 0.000991449 0.000991218 0.993059 0.000992276 0.000988874 0.000991721 0.00099337 
0.00165801 1.59428e-06 0.997309 0.00102487 1.74204e-06 1.1368e-06 1.64289e-06 1.9384e-06 
8.34546e-06 8.03269e-06 7.83179e-06 8.59195e-06 8.77719e-06 5.7277e-06 0.999943 9.76653e-06 
0.00482138 0.0048197 0.00481858 0.00482271 0.00482373 0.966244 0.00482103 0.00482904 
1.61452e-06 1.55402e-06 1.51515e-06 0.999989 1.69805e-06 1.10809e-06 1.6014e-06 1.88945e-06 
0.000710222 0.568689 0.00070981 0.000710417 0.427051 0.000708131 0.00071017 0.00071135 
2.47172e-07 0.00109462 2.31959e-07 0.998601 0.000156235 1.69641e-07 0.000147343 2.89261e-07 
0.99503 0.000709982 0.000709817 0.000710424 0.000710574 0.000708138 0.000710177 0.000711357 
3.21702e-06 0.996443 3.01901e-06 3.31204e-06 3.38345e-06 2.20792e-06 0.00127954 0.00226266 
0.000293404 0.645554 0.000293233 0.117687 0.000293546 0.00029254 0.0589696 0.176616 
1.5659e-06 1.50721e-06 1.46952e-06 1.61215e-06 1.64691e-06 0.739569 1.55317e-06 0.260422 
0.000143053 0.114546 0.0573311 0.000143093 0.000143123 0.827408 0.000143043 0.000143281 
0.000251542 0.00010911 0.000292054 0.128774 0.0136356 0.550672 0.284935 0.0213306 
0.122607 5.24475e-07 5.11357e-07 0.218376 0.0136381 0.495925 0.0889996 0.0604532 
3.451e-07 3.32166e-07 0.000442094 0.0485222 0.325807 0.624935 0.000292166 4.03864e-07 
0.794266 5.38899e-05 0.0472439 0.000104234 0.134246 7.6828e-05 2.89904e-05 0.0239802 
0.00724893 0.148242 0.121997 0.0130471 0.537849 0.0229856 0.0103461 0.138285 
1.45832e-06 0.000993355 1.36856e-06 1.5014e-06 0.00036283 0.285307 1.44647e-06 0.713332 
4.35422e-05 5.48933e-07 5.35204e-07 0.125985 0.357265 0.516197 0.000325835 0.000181881 
0.000352037 0.332806 1.37521e-06 0.000903825 1.54121e-06 0.332994 0.000175314 0.332766 
7.97792e-06 7.67893e-06 7.48687e-06 0.992209 0.00336465 0.00438583 7.91307e-06 9.3364e-06 
0.998922 4.77874e-06 4.65922e-06 5.11145e-06 0.00104955 3.40747e-06 4.92445e-06 5.81022e-06 
1.55162e-06 1.49347e-06 1.45612e-06 1.59745e-06 0.000281338 1.06492e-06 0.000529111 0.999182 
0.443227 0.00118344 0.554518 2.53117e-07 2.58574e-07 0.00074261 9.77866e-05 0.000230464 
0.20007 9.99506e-05 0.719577 0.000100013 0.000100034 0.0798525 9.99781e-05 0.000100144 
0.000311756 0.000311647 0.000311575 0.000311841 0.000311907 0.373316 0.000311733 0.624814 
0.031111 0.0722462 0.184322 0.0323436 0.0435695 0.0159027 0.60108 0.019425 
2.63232e-06 2.53367e-06 2.4703e-06 2.71007e-06 0.999982 1.80663e-06 2.61092e-06 3.08055e-06 
9.1012e-05 0.766674 0.000869719 0.143443 3.22357e-05 0.0867949 0.0015039 0.000591837 
3.21244e-07 3.09204e-07 0.946006 0.0147051 0.0293712 0.0097381 7.97221e-05 9.91512e-05 
0.9584 0.000142939 6.06104e-05 3.323e-08 0.000237659 0.0409684 7.68663e-05 0.000113356 
3.78379e-07 3.64198e-07 0.000284427 0.000156212 0.000318761 0.998353 3.75303e-07 0.000886062 
0.459017 0.000134919 0.0810672 0.000135003 0.459241 0.000134568 0.000134956 0.00013518 
0.00263742 1.40954e-06 1.37429e-06 0.000906113 0.000309577 0.000805062 0.992938 0.00240102 
0.00064555 0.99479 1.51076e-06 1.6574e-06 0.00304933 1.10488e-06 1.59676e-06 0.00150907 
0.459017 0.000134919 0.0810672 0.000135003 0.459241 0.000134568 0.000134956 0.00013518 
2.56984e-07 0.000198129 0.00101314 0.000370668 0.00178411 0.996513 2.54895e-07 0.000120598 
0.000333876 4.33476e-07 0.988963 0.00653552 0.000542423 0.000666017 3.05115e-05 0.00292816 
0.00480808 0.0048064 0.00480529 0.0048094 0.00481042 0.00479392 0.966351 0.00481572 
2.73751e-07 0.00691825 0.607147 0.159817 2.87913e-07 0.170509 0.0554579 0.00014944 
0.00771805 1.56501e-05 0.00148129 0.000843557 0.989052 1.20164e-05 0.00046651 0.000411061 
1.4992e-06 1.44301e-06 1.40692e-06 0.0662131 1.57675e-06 1.02894e-06 1.48701e-06 0.933778 
0.448244 0.207612 2.09761e-07 2.3012e-07 2.35082e-07 0.34409 2.21702e-07 5.25775e-05 
0.00109445 4.05011e-07 0.996366 0.0013867 0.00115107 2.88793e-07 4.17361e-07 4.92432e-07 
0.00123687 0.49581 0.00123615 0.00123721 0.00123747 0.00123322 0.00123678 0.496772 
0.459017 0.000134919 0.0810672 0.000135003 0.459241 0.000134568 0.000134956 0.00013518 
0.00123608 0.00123565 0.00123536 0.248521 0.00123668 0.00123244 0.00123599 0.744066 
0.00164216 0.00164159 0.00164121 0.00164261 0.00164296 0.00163733 0.00164204 0.98851 
3.54068e-06 0.0013666 3.32275e-06 3.64526e-06 3.72385e-06 2.43006e-06 3.5119e-06 0.998613 
0.00052469 1.44994e-05 0.155518 0.00021612 0.000551833 0.000133787 0.000460956 0.84258 
0.125025 0.124981 0.124952 0.125059 0.125086 0.124657 0.125016 0.125224 
0.000442657 0.0011831 0.997401 2.53044e-07 2.58499e-07 0.000742396 2.43787e-07 0.000230397 
7.47854e-05 2.40446e-05 0.242004 0.000116852 0.757579 7.78975e-05 9.38269e-05 2.92346e-05 
0.00055329 0.996128 0.000552969 0.000553442 0.000553559 0.000551661 0.00055325 0.000554169 
1.61704e-06 0.999232 1.51751e-06 1.6648e-06 1.70069e-06 1.10981e-06 1.60389e-06 0.000758849 
0.000262388 0.000262296 0.000262235 0.00026246 0.210274 0.000261615 0.315104 0.47331 
0.00123687 0.49581 0.00123615 0.00123721 0.00123747 0.00123322 0.00123678 0.496772 
0.00771805 1.56501e-05 0.00148129 0.000843557 0.989052 1.20164e-05 0.00046651 0.000411061 
0.00124124 0.00124081 0.00124052 0.00124159 0.00124185 0.99131 0.00124115 0.00124322 
8.55041e-07 0.849842 0.00551712 8.80295e-07 0.000399752 0.000260864 8.4809e-07 0.143977 
0.00482138 0.0048197 0.00481858 0.00482271 0.00482373 0.966244 0.00482103 0.00482904 
0.000262388 0.000262296 0.000262235 0.00026246 0.210274 0.000261615 0.315104 0.47331 
0.125025 0.124981 0.124952 0.125059 0.125086 0.124657 0.125016 0.125224 
0.000142612 0.000142563 0.000142529 0.028673 0.884768 0.000142192 0.000142602 0.0858463 
0.125025 0.124981 0.124952 0.125059 0.125086 0.124657 0.125016 0.125224 
4.83498e-07 4.65377e-07 4.53738e-07 0.000348876 5.0851e-07 3.31837e-07 4.79568e-07 0.999648 
0.00291928 0.00780243 0.00365228 1.6688e-06 1.70478e-06 0.984102 1.60775e-06 0.00151945 
1.47247e-06 0.00311944 0.0257036 1.51596e-06 0.00185992 0.00121372 1.4605e-06 0.968099 
5.31468e-07 0.000134849 4.98756e-07 5.47165e-07 5.58962e-07 3.6476e-07 5.27148e-07 0.999862 
1.82337e-06 0.000613202 0.166495 1.87723e-06 1.9177e-06 0.368352 1.80855e-06 0.464532 
2.13904e-05 0.00598933 0.989461 3.77315e-06 0.00229719 0.00163628 5.80218e-06 0.000584882 
4.46804e-05 0.0357765 0.187593 0.0626144 0.295079 0.418803 4.46771e-05 4.47513e-05 
8.54896e-07 0.000386929 8.02277e-07 0.000964521 0.00023602 0.99747 8.47947e-07 0.000939985 
2.13904e-05 0.00598933 0.989461 3.77315e-06 0.00229719 0.00163628 5.80218e-06 0.000584882 
0.000621672 0.000621455 0.000621311 0.622465 0.373806 0.000619842 0.000621627 0.00062266 
4.46804e-05 0.0357765 0.187593 0.0626144 0.295079 0.418803 4.46771e-05 4.47513e-05 
7.07323e-06 6.80814e-06 6.63787e-06 7.28214e-06 7.43914e-06 4.85454e-06 7.01573e-06 0.999953 
7.06744e-07 6.80257e-07 6.63244e-07 0.000146252 0.00460924 0.000582552 7.01e-07 0.994659 
0.00245117 0.00245031 0.00244974 0.00245184 0.00245236 0.00244395 0.982846 0.00245506 
0.00164954 0.00164896 0.00164858 0.00164999 0.00165034 0.988451 0.00164942 0.00165216 
0.062204 4.04808e-05 1.21546e-05 4.66284e-05 0.937639 3.10842e-05 1.92617e-05 7.58808e-06 
7.06744e-07 6.80257e-07 6.63244e-07 0.000146252 0.00460924 0.000582552 7.01e-07 0.994659 
3.14058e-05 3.02288e-05 0.998235 6.45061e-05 0.00151201 6.44493e-05 6.21461e-05 1.82854e-07 
0.135659 0.801394 0.0394822 7.54092e-05 0.00912057 0.00447912 0.00491839 0.00487158 
0.125025 0.124981 0.124952 0.125059 0.125086 0.124657 0.125016 0.125224 
1.30015e-06 0.000572778 1.22012e-06 0.00142775 0.000314852 0.997679 1.28958e-06 1.52154e-06 
0.996275 5.9561e-06 5.80714e-06 6.37078e-06 6.50814e-06 4.24699e-06 0.00368877 7.24171e-06 
4.82739e-06 4.64647e-06 4.53026e-06 0.999967 5.07712e-06 3.31316e-06 4.78815e-06 5.6494e-06 
1.20605e-05 1.16085e-05 1.13181e-05 1.24167e-05 1.26844e-05 0.999914 1.19624e-05 1.41141e-05 
0.286849 0.0546023 1.9711e-06 2.16242e-06 2.20904e-06 0.000812595 0.313822 0.343908 
5.1365e-07 4.94399e-07 4.82034e-07 5.28821e-07 5.40222e-07 3.52531e-07 0.999996 6.01114e-07 
0.00082759 0.000827301 0.000827109 0.994208 0.000827992 0.000825153 0.000827529 0.000828904 
0.000155911 0.999305 0.000194946 4.59697e-07 4.69608e-07 0.000261126 4.42879e-07 8.13835e-05 
0.00107966 0.998631 2.026e-07 2.22265e-07 2.27057e-07 0.00023722 2.14134e-07 5.07827e-05 
1.14172e-06 0.00113723 1.07144e-06 0.00152022 1.20078e-06 0.997337 1.13244e-06 1.33613e-06 
0.16739 1.80806e-06 0.166859 0.16768 1.97563e-06 0.497544 1.86319e-06 0.000521475 
4.72717e-07 0.999312 4.43621e-07 0.000489599 4.97172e-07 0.000195959 4.68874e-07 5.53211e-07 
4.74411e-07 4.56631e-07 4.45211e-07 0.373158 0.000399662 0.626063 0.000376915 5.55194e-07 
0.0316288 0.956371 4.96117e-07 5.4427e-07 5.56004e-07 0.007018 5.53354e-05 0.004925 
0.0434036 0.0265818 0.000354569 0.0203149 9.21502e-05 0.0328702 0.876314 6.85748e-05 
0.459017 0.000134919 0.0810672 0.000135003 0.459241 0.000134568 0.000134956 0.00013518 
0.00032136 0.000268054 6.95166e-07 0.353722 0.581311 0.0237222 0.0128236 0.0278308 
3.23304e-06 0.999534 3.03404e-06 3.32853e-06 3.40029e-06 0.000446001 3.20676e-06 3.78356e-06 
0.000348955 0.000134352 0.265333 0.000169388 0.40515 0.0507635 4.50831e-07 0.278101 
1.63257e-06 1.57139e-06 0.00104077 0.000536762 1.71703e-06 0.000887827 1.6193e-06 0.997528 
0.459017 0.000134919 0.0810672 0.000135003 0.459241 0.000134568 0.000134956 0.00013518 
0.000989634 0.0227195 0.00261602 7.71255e-07 7.87883e-07 0.01953 0.0564558 0.897688 
0.000204737 2.46023e-07 0.998862 2.63151e-07 0.000752976 1.75426e-07 2.53524e-07 0.000179775 
6.36601e-05 5.71626e-05 0.898648 1.32182e-07 0.0376936 0.062653 0.000840334 4.42827e-05 
0.332418 0.334201 7.81207e-07 0.000314036 8.75508e-07 0.00026129 0.332748 5.65445e-05 
3.32144e-07 3.19696e-07 0.998565 3.41954e-07 0.000419542 0.000547329 3.29444e-07 0.000466831 
0.168272 0.00482944 0.264261 0.0673416 0.168354 0.0623321 0.149033 0.115578 
0.883334 5.59073e-08 0.0349948 0.081555 6.1089e-08 4.78773e-05 5.7612e-08 6.80429e-05 
7.74004e-06 0.0104374 7.26363e-06 7.96865e-06 0.983376 5.31218e-06 0.00614938 9.05802e-06 
0.993972 1.39953e-06 0.000820083 1.49697e-06 0.00520097 9.97936e-07 1.44221e-06 1.70162e-06 
0.18486 0.000357244 2.14708e-07 0.0114155 2.04118e-05 5.28089e-05 0.803136 0.000157381 
0.087085 0.34487 0.0781448 0.0512978 0.103345 0.0834873 0.0264287 0.225342 
0.966354 0.00480606 0.00480495 0.00480906 0.00481007 0.00479358 0.00480739 0.00481538 
1.97507e-06 1.90105e-06 1.8535e-06 2.03341e-06 0.999987 1.35554e-06 1.95902e-06 2.31139e-06 
0.29449 0.205011 0.0695477 9.53966e-06 0.272704 0.105277 0.0529292 3.25097e-05 
1.7297e-07 0.999756 1.62324e-07 1.78079e-07 1.81918e-07 1.18714e-07 1.71564e-07 0.000243111 
0.125025 0.124981 0.124952 0.125059 0.125086 0.124657 0.125016 0.125224 
0.849568 0.000538373 4.64262e-07 0.000159522 5.46675e-05 0.000141678 0.149115 0.000422332 
0.000947411 1.51731e-06 1.47936e-06 0.00162458 0.997421 1.08192e-06 1.56358e-06 1.84482e-06 
0.367974 0.47287 0.000262499 0.000262724 0.000262779 0.000261878 0.157842 0.000263069 
0.125216 0.00031215 0.000312077 0.000312344 0.00031241 0.685257 0.000312236 0.187966 
0.0526984 6.7656e-06 0.670534 9.75873e-05 0.000248789 0.00549558 0.000207846 0.270711 
4.46804e-05 0.0357765 0.187593 0.0626144 0.295079 0.418803 4.46771e-05 4.47513e-05 
6.43623e-06 0.997402 6.04008e-06 6.62633e-06 6.76919e-06 4.41735e-06 0.00255995 7.5322e-06 
0.00909065 0.0387505 4.47213e-07 0.698772 0.0148871 0.238402 2.95027e-05 6.80959e-05 
