0.64593 0.251202 0.0200577 0.066477 0.00820917 0.00739338 0.000531488 0.000199309 
0.603901 0.186869 0.00129669 0.0697863 0.138145 5.48334e-07 6.42456e-07 4.31468e-07 
0.263251 0.223309 0.118597 0.118528 0.0790977 0.131484 6.57964e-05 0.0656665 
5.09475e-07 3.92692e-07 5.56091e-07 5.23047e-07 5.6346e-07 4.34835e-07 0.999997 3.42158e-07 
0.00193286 0.00126646 0.000950027 0.000893576 0.000642146 0.993989 1.09164e-06 0.000325073 
0.999296 0.000181818 0.000136345 0.000128243 9.21266e-05 0.000118454 6.93589e-08 4.66273e-05 
0.000131561 0.000131288 0.00013167 0.000131593 0.0264692 0.70962 0.263253 0.00013117 
0.00199188 4.79632e-07 6.79206e-07 0.000256177 6.88205e-07 5.31104e-07 0.997248 0.00050191 
1.79742e-06 0.999988 1.96188e-06 1.8453e-06 1.98787e-06 1.53409e-06 1.79742e-06 1.20713e-06 
0.0142935 0.653988 4.25412e-07 0.0679959 0.255008 0.000149762 0.000142382 0.00842228 
0.770474 8.57438e-05 0.000212297 0.000213928 0.000476001 1.99182e-07 0.152955 0.0755827 
0.00164812 0.988467 0.00164949 0.00164852 0.00164971 0.00164594 0.00164812 0.00164322 
4.76919e-06 0.996577 0.00195595 4.89624e-06 5.27454e-06 4.07049e-06 4.76919e-06 0.00144366 
0.00215044 0.997819 5.85338e-06 5.50556e-06 5.93094e-06 4.57705e-06 5.3627e-06 3.60154e-06 
4.37887e-05 0.027046 0.487115 0.485204 0.000338516 8.71221e-05 0.000145792 1.96217e-05 
0.0329319 0.495285 9.71663e-05 0.000189777 3.78522e-08 9.35058e-05 0.471293 0.000110353 
0.00139513 0.0066221 0.194818 0.0863196 0.405119 0.181311 0.000347228 0.124067 
0.439344 5.6438e-05 0.000139826 0.000140908 0.000313655 3.90349e-08 0.10992 0.450085 
0.000184508 2.45915e-07 0.000179052 0.00772511 0.159067 0.0976302 0.000696144 0.734518 
0.999672 1.48002e-07 2.09585e-07 0.000157903 2.12363e-07 6.57179e-05 1.92016e-07 0.000103294 
0.000206985 8.8584e-08 0.442038 0.000188901 1.27106e-07 0.00060826 0.000781624 0.556176 
0.000489902 0.000201448 0.100317 0.000502953 0.896759 1.3933e-07 0.000391955 0.00133765 
0.00204853 0.0153023 3.46414e-05 0.247981 0.0265039 7.0831e-05 0.672546 0.0355128 
0.000156049 0.000155725 0.000156178 0.0313735 0.687432 0.12483 0.000156049 0.155741 
0.00239938 0.000986625 0.980196 0.0024633 0.00548318 6.8239e-07 0.00191966 0.00655136 
2.03635e-07 2.30196e-05 0.999724 0.000252493 2.25213e-07 1.73802e-07 2.03635e-07 1.36759e-07 
0.0156587 0.161217 0.0334335 0.259781 9.16628e-05 0.227931 0.26419 0.0376964 
0.000101924 0.000101713 0.224521 0.102051 0.346977 0.162965 0.163181 0.000101621 
0.966366 0.00479784 0.00481178 0.00480897 0.00481243 0.00480142 0.0048078 0.00479351 
4.76239e-05 0.000797185 0.000828624 0.353602 0.575165 0.0230461 0.0173719 0.0291411 
3.38691e-08 2.61056e-08 1 3.47714e-08 3.74579e-08 2.89071e-08 3.38691e-08 2.27462e-08 
0.808129 3.43868e-05 8.10237e-08 0.000106769 8.20973e-08 6.33564e-08 7.43057e-05 0.191655 
0.994801 3.73962e-07 0.00148332 0.000299357 5.36584e-07 0.0025678 4.85174e-07 0.000847505 
6.07212e-05 0.000308635 6.6211e-08 1.25176e-05 0.021589 0.78324 0.194332 0.000456319 
0.000277152 0.0496849 0.000282392 0.000284535 0.000632668 5.80663e-07 0.000221858 0.948616 
0.0178281 5.93779e-07 0.00132424 0.977138 0.0020732 0.000753262 0.000882559 5.17368e-07 
1.25234e-07 9.65278e-08 0.999256 9.85732e-05 0.00036071 0.000131054 0.000153549 8.4106e-08 
6.99778e-08 5.39374e-08 1 7.18421e-08 7.73928e-08 5.97258e-08 6.99778e-08 4.69964e-08 
3.27716e-07 2.52597e-07 0.000214979 0.998507 0.000870221 5.62206e-05 0.0002625 8.82567e-05 
0.0019288 9.19967e-07 0.000311235 1.22535e-06 1.32003e-06 1.0187e-06 0.762955 0.234801 
0.000396905 0.0213947 0.00179042 0.00220377 0.000766165 0.145238 0.818499 0.00971125 
0.998815 9.30261e-05 0.000311397 6.32634e-05 6.86525e-07 0.000538527 6.20749e-07 0.000177944 
1.72793e-06 1.33185e-06 1.88604e-06 1.77396e-06 0.000161639 1.47478e-06 1.72793e-06 0.999828 
0.270911 7.14105e-05 5.41602e-07 0.000221257 5.48778e-07 4.23505e-07 0.000367854 0.728427 
1.4782e-07 1.13936e-07 1.61345e-07 1.51758e-07 1.63483e-07 0.999999 1.4782e-07 9.92744e-08 
2.32073e-06 1.78877e-06 2.53307e-06 2.38255e-06 2.56664e-06 1.98073e-06 2.32073e-06 0.999984 
4.33432e-05 0.0229073 0.000472707 0.00206479 0.0246161 0.910816 0.0390147 6.45177e-05 
0.00648866 0.220697 0.716135 0.0544349 3.80859e-07 0.000421372 0.00132624 0.00049723 
0.659994 0.330135 0.00164723 0.00164627 0.00164746 0.00164369 0.00164587 0.00164098 
0.166709 0.387811 0.000277615 0.000277453 0.000277653 0.000277017 0.444094 0.000276561 
0.988917 0.000862886 5.0881e-07 0.000911632 5.15551e-07 0.00072495 0.00858187 3.13066e-07 
1.50247e-06 1.15807e-06 0.000329628 1.54249e-06 0.999662 1.28235e-06 1.50247e-06 1.00904e-06 
0.138041 0.000171978 0.000172478 0.000172378 0.000172502 0.309965 0.37931 0.171995 
0.000277866 0.00027729 0.000278096 0.000277933 0.111531 0.000277497 0.000277866 0.886802 
0.00320874 0.0502151 0.0683778 0.00393546 0.0239316 0.0211274 0.822854 0.00634982 
0.000222711 4.06119e-07 0.000102772 0.00144519 0.997673 0.000184236 0.000370833 3.53857e-07 
2.58254e-07 1.99057e-07 2.81884e-07 2.65134e-07 0.000114533 2.20419e-07 2.58254e-07 0.999884 
5.09475e-07 3.92692e-07 5.56091e-07 5.23047e-07 5.6346e-07 4.34835e-07 0.999997 3.42158e-07 
0.000144563 0.0614319 0.000207084 2.78652e-05 0.000309721 0.763631 0.000614243 0.173634 
1.61042e-07 0.000223554 1.75777e-07 9.93647e-05 0.713314 0.286363 1.61042e-07 1.08154e-07 
2.58254e-07 1.99057e-07 2.81884e-07 2.65134e-07 0.000114533 2.20419e-07 2.58254e-07 0.999884 
1.47325e-07 0.00406947 8.68639e-06 0.000975597 0.857789 0.135681 5.48563e-05 0.00142065 
0.966577 0.0103762 0.00285191 0.00557011 1.11099e-06 0.00274447 0.0086401 0.00323896 
0.999816 6.8672e-07 9.72463e-07 9.14678e-07 9.85349e-07 7.60416e-07 0.000179079 5.98349e-07 
3.75516e-07 0.000289729 4.09876e-07 0.000231698 0.998644 0.000833628 3.75516e-07 2.52193e-07 
0.0048078 0.00479784 0.00481178 0.00480897 0.00481243 0.00480142 0.966366 0.00479351 
0.000102285 4.20904e-05 0.000104209 0.00010501 0.0318117 1.02539e-07 8.18518e-05 0.967753 
1.48128e-06 1.14174e-06 1.61682e-06 1.52074e-06 1.63824e-06 1.26427e-06 1.48128e-06 0.99999 
0.000146295 0.000154916 0.00910506 2.85372e-05 0.660247 0.00955651 0.0525934 0.268168 
1.88789e-06 1.45515e-06 2.06063e-06 1.93819e-06 0.000230246 0.000558086 1.88789e-06 0.999202 
3.55056e-07 2.7367e-07 3.87543e-07 3.64515e-07 8.13144e-05 3.03039e-07 3.55056e-07 0.999917 
0.00123662 0.00123406 0.99135 0.00123692 0.00123781 0.00123498 0.00123662 0.00123294 
7.66897e-06 0.950504 0.0134014 7.87328e-06 0.00849007 0.00917018 0.0184133 5.15041e-06 
0.00172381 0.00512219 0.00698491 0.000759178 0.982763 1.05015e-06 1.23041e-06 0.00264509 
4.28852e-07 0.000491 4.68092e-07 7.98233e-05 0.903251 0.0958262 0.000300566 5.06803e-05 
0.000277866 0.00027729 0.000278096 0.000277933 0.111531 0.000277497 0.000277866 0.886802 
0.000497985 0.000496953 0.000498397 0.199741 0.000498465 0.000497325 0.797274 0.000496505 
3.52785e-07 2.71919e-07 3.85064e-07 3.62183e-07 2.4562e-05 0.999557 0.000109633 0.000307067 
0.00434471 0.00372069 2.63312e-06 2.47665e-06 2.66801e-06 0.991599 2.41238e-06 0.000325647 
0.000356141 0.284677 0.641941 0.071602 0.000356485 0.000355669 0.000356141 0.000355083 
0.00624525 0.000155591 0.00793229 0.00117911 0.0321542 0.720226 0.224592 0.00751534 
6.12003e-06 4.71719e-06 6.68001e-06 6.28307e-06 6.76852e-06 0.00940739 6.12003e-06 0.990556 
0.339908 0.00290227 0.0309045 3.1346e-06 0.584163 0.0363368 0.00577398 8.73572e-06 
0.455513 4.45612e-05 0.125179 0.0268434 4.46968e-05 0.276531 4.46538e-05 0.115799 
0.000275511 0.000848636 3.75431e-07 3.53122e-07 3.80406e-07 0.846476 0.152168 0.000231231 
0.00011416 0.120305 0.000116308 0.000117201 0.000260769 1.16025e-07 9.13552e-05 0.878995 
0.0962556 0.0512447 0.0899149 0.0962791 0.199085 3.20319e-05 0.077011 0.390178 
7.22712e-05 1.14587e-07 1.62266e-07 7.8385e-05 1.64417e-07 0.924573 0.0752156 6.06459e-05 
0.000710849 0.000709376 0.000711437 0.28512 0.000711534 0.710617 0.000710849 0.000708737 
4.13866e-07 9.46531e-05 4.51734e-07 4.48093e-05 0.0836531 0.916061 4.13866e-07 0.000145451 
0.0962556 0.0512447 0.0899149 0.0962791 0.199085 3.20319e-05 0.077011 0.390178 
3.09007e-06 2.38176e-06 3.37281e-06 3.17239e-06 3.4175e-06 0.000530111 3.09007e-06 0.999451 
0.0137038 0.0643547 0.146761 0.00429803 0.620076 0.000288339 0.0342723 0.116245 
0.138041 0.000171978 0.000172478 0.000172378 0.000172502 0.309965 0.37931 0.171995 
0.00321894 2.06585e-06 2.92545e-06 0.993886 2.96422e-06 2.28755e-06 2.68022e-06 0.00288181 
6.93285e-07 5.3437e-07 7.5672e-07 7.11754e-07 7.66747e-07 5.91716e-07 0.999995 4.65604e-07 
0.00188311 8.93322e-07 1.26503e-06 1.18986e-06 0.0408917 0.288083 1.15899e-06 0.669137 
0.001287 1.51649e-06 2.14749e-06 0.729584 2.17595e-06 1.67923e-06 1.96747e-06 0.269119 
0.0995325 4.80081e-05 3.3823e-07 3.18132e-07 3.42712e-07 0.857864 0.000682037 0.041872 
0.352884 0.000293216 0.000294068 0.176632 0.000294108 0.000293435 0.000293825 0.469016 
5.62595e-07 0.000173888 6.14072e-07 5.77583e-07 6.22209e-07 0.00105686 5.62595e-07 0.998766 
0.000994113 0.993043 0.000994936 0.000994356 0.000995072 0.000992796 0.000994113 0.000991159 
0.000499006 0.000497972 0.000499419 0.299976 0.000499487 0.000498345 0.000499006 0.697031 
0.0640996 0.0931456 4.93328e-07 0.000199059 0.0146591 0.0542895 0.000571475 0.773035 
7.37348e-05 0.000311659 2.90749e-07 2.73472e-07 0.999574 2.27351e-07 2.66376e-07 3.96727e-05 
0.292658 1.10841e-05 0.000218731 4.41434e-05 7.9125e-08 0.681948 7.1544e-08 0.0251197 
0.125068 0.124809 0.125171 0.125098 0.125188 0.124902 0.125068 0.124696 
0.000217196 8.4121e-05 0.000982116 1.10786e-06 0.00063754 0.997464 0.000540304 7.3296e-05 
7.44571e-08 5.73899e-08 8.12698e-08 0.715961 8.23467e-08 6.35488e-08 0.18787 0.0961689 
0.000178773 0.464024 0.000178921 0.000178816 0.000178945 0.000178536 0.000178773 0.534903 
0.993783 0.000673431 1.58677e-06 0.00209096 0.000323165 1.24077e-06 1.45375e-06 0.0031252 
0.0179388 0.10634 0.60318 0.0322303 0.000961176 0.00173498 0.21954 0.0180737 
0.661635 9.49897e-07 0.000727357 0.00314429 0.00142699 0.00084684 0.274381 0.0578379 
0.49242 0.00244478 0.00245188 0.00245045 0.492894 0.00244661 0.00244985 0.00244257 
0.49242 0.00244478 0.00245188 0.00245045 0.492894 0.00244661 0.00244985 0.00244257 
0.125068 0.124809 0.125171 0.125098 0.125188 0.124902 0.125068 0.124696 
2.60264e-06 0.696708 2.84078e-06 2.67198e-06 2.87842e-06 2.22135e-06 0.00199247 0.301286 
1.5228e-07 1.17374e-07 1.66213e-07 0.994396 0.00559654 1.2997e-07 1.5228e-07 6.72188e-06 
0.125068 0.124809 0.125171 0.125098 0.125188 0.124902 0.125068 0.124696 
0.000237571 0.142484 0.000237768 0.000237629 0.61852 0.000237256 0.237809 0.000236865 
0.000453863 7.41398e-07 1.04989e-06 0.233282 1.0638e-06 0.000127287 0.00163087 0.764504 
0.000452644 0.0907928 0.906493 0.000452754 0.00045308 0.000452044 0.000452644 0.000451299 
0.455513 4.45612e-05 0.125179 0.0268434 4.46968e-05 0.276531 4.46538e-05 0.115799 
4.48982e-06 3.46066e-06 4.90063e-06 4.60943e-06 0.999073 3.83204e-06 0.000902452 3.01532e-06 
1.72883e-06 0.0842466 0.153059 1.77488e-06 0.000387452 1.47555e-06 0.762301 1.16106e-06 
0.128335 0.256011 0.000128313 0.410491 0.000128331 0.000128037 0.000128207 0.20465 
0.000497598 0.000496567 0.996519 0.000497719 0.000498077 0.000496938 0.000497598 0.000496119 
0.271088 8.45129e-05 8.47585e-05 8.4709e-05 8.477e-05 8.45761e-05 0.728405 8.44367e-05 
6.22031e-07 4.79449e-07 6.78947e-07 6.38602e-07 0.000138276 0.0028674 0.996991 4.1775e-07 
0.00024617 0.000260874 0.000352636 0.0474981 0.949871 0.000590803 0.00104597 0.000134337 
3.18783e-07 8.53682e-05 0.130092 0.0441985 0.825296 0.000150687 0.000176552 2.14091e-07 
0.125068 0.124809 0.125171 0.125098 0.125188 0.124902 0.125068 0.124696 
1.5228e-07 1.17374e-07 1.66213e-07 0.994396 0.00559654 1.2997e-07 1.5228e-07 6.72188e-06 
9.00887e-07 6.94385e-07 9.83317e-07 0.00129577 0.998339 7.68904e-07 0.000361255 6.05027e-07 
8.05726e-07 6.21037e-07 8.79449e-07 8.27191e-07 0.999995 6.87684e-07 8.05726e-07 5.41118e-07 
0.000147026 0.000146722 0.000147148 0.382509 0.000147168 0.000146831 0.264794 0.351962 
8.1119e-05 3.33561e-05 0.181891 0.0833633 0.630466 3.69359e-05 0.103906 0.000221491 
1.30702e-07 1.00742e-07 0.928648 6.83132e-05 0.000249863 0.0327095 0.0383241 8.77783e-08 
0.183306 0.281385 7.05333e-05 0.169252 7.05429e-05 0.197138 7.04749e-05 0.168708 
7.81406e-05 2.83905e-05 0.00016004 2.43127e-07 3.59159e-05 0.000149806 0.988815 0.0107322 
0.000361262 0.00107347 0.587 0.000159102 0.411405 2.20082e-07 2.5786e-07 1.73176e-07 
1.55859e-06 1.20133e-06 1.7012e-06 1.60011e-06 1.72374e-06 1.33025e-06 0.99999 1.04673e-06 
3.00298e-07 2.31464e-07 3.27775e-07 0.999998 3.32118e-07 2.56303e-07 3.00298e-07 2.01677e-07 
0.999973 3.19815e-06 4.5289e-06 4.25979e-06 4.58891e-06 3.54137e-06 4.14925e-06 2.7866e-06 
0.166709 0.387811 0.000277615 0.000277453 0.000277653 0.000277017 0.444094 0.000276561 
1.97295e-07 1.52071e-07 0.896753 0.000445814 0.000785741 0.101304 0.000631542 7.96337e-05 
1.17099e-06 9.02578e-07 1.27814e-06 0.000784089 0.998992 9.9944e-07 0.000219048 7.86429e-07 
0.000324127 0.026895 4.90882e-07 0.267614 0.00246817 3.83845e-07 0.0787514 0.623946 
0.000101924 0.000101713 0.224521 0.102051 0.346977 0.162965 0.163181 0.000101621 
2.11446e-07 1.62978e-07 0.000507976 0.0436767 0.955187 0.000288931 0.000338526 1.42005e-07 
0.970041 0.00820389 1.75997e-06 0.000332734 0.00285504 0.00385474 0.0025815 0.0121295 
0.999973 3.19815e-06 4.5289e-06 4.25979e-06 4.58891e-06 3.54137e-06 4.14925e-06 2.7866e-06 
0.000830268 0.000828548 0.000830955 0.00083047 0.000831068 0.000829167 0.000830268 0.994189 
0.0247625 0.455696 0.194925 0.116687 0.000128496 0.0596875 0.133411 0.0147014 
0.0223857 2.64267e-05 0.0607377 0.285726 0.52018 5.18093e-05 0.110717 0.00017535 
0.00245042 0.00244534 0.00245245 0.982858 0.00245278 0.00244717 0.00245042 0.00244314 
1.55859e-06 1.20133e-06 1.7012e-06 1.60011e-06 1.72374e-06 1.33025e-06 0.99999 1.04673e-06 
1.87254e-06 0.000578767 0.00245469 1.92242e-06 0.996958 1.5982e-06 1.87254e-06 1.25758e-06 
1.55859e-06 1.20133e-06 1.7012e-06 1.60011e-06 1.72374e-06 1.33025e-06 0.99999 1.04673e-06 
0.00164319 0.00163978 0.00164455 0.00164359 0.988506 0.00164101 0.00164319 0.0016383 
0.000332128 0.00033144 0.000332403 0.000332209 0.997677 0.000331688 0.000332128 0.000331141 
1.15926e-06 8.93532e-07 1.26533e-06 1.19014e-06 1.2821e-06 0.00158407 1.15926e-06 0.998409 
1.69822e-07 1.30895e-07 1.85361e-07 0.00704381 0.992725 0.000116099 1.69822e-07 0.000114165 
0.000101924 0.000101713 0.224521 0.102051 0.346977 0.162965 0.163181 0.000101621 
0.0962556 0.0512447 0.0899149 0.0962791 0.199085 3.20319e-05 0.077011 0.390178 
0.000294168 0.000293559 0.118059 0.00029424 0.000294452 0.000293779 0.000294168 0.880176 
2.65622e-06 0.000286828 0.0036324 0.988151 2.93768e-06 0.00630913 0.000372127 0.00124245 
1.15926e-06 8.93532e-07 1.26533e-06 1.19014e-06 1.2821e-06 0.00158407 1.15926e-06 0.998409 
0.00245101 0.00244593 0.00245304 0.00245161 0.00245337 0.00244776 0.982854 0.00244373 
0.0990248 0.0904419 0.169985 0.0069667 0.162095 0.0142349 0.439523 0.0177285 
0.263251 0.223309 0.118597 0.118528 0.0790977 0.131484 6.57964e-05 0.0656665 
0.111378 3.56214e-07 5.04434e-07 4.7446e-07 5.11118e-07 3.94442e-07 0.888619 3.10374e-07 
2.4923e-06 0.00115453 0.000546789 2.5587e-06 0.995609 2.12717e-06 2.4923e-06 0.00267977 
6.44742e-07 4.96954e-07 7.03736e-07 6.61919e-07 0.999996 5.50285e-07 6.44742e-07 4.33003e-07 
3.81501e-05 5.87148e-05 1.35709e-07 9.08458e-06 0.972772 0.0121786 1.24333e-07 0.0149437 
1.92726e-05 0.00063147 5.69086e-05 0.978629 0.0202384 1.8384e-05 1.90541e-05 0.000387271 
0.0128111 0.00724473 0.0171017 0.0810481 0.172875 9.04861e-05 0.653422 0.0554069 
0.263251 0.223309 0.118597 0.118528 0.0790977 0.131484 6.57964e-05 0.0656665 
0.00110853 1.83219e-07 0.000332334 6.71744e-05 2.62894e-07 0.250904 2.37706e-07 0.747587 
2.64633e-06 0.0409044 2.88847e-06 0.127665 0.420846 0.000122265 0.410375 8.22691e-05 
4.69488e-05 0.000301004 8.30251e-05 0.000161789 0.0889446 0.0706594 0.301217 0.538586 
0.00021702 0.135467 0.000129959 0.00140419 0.756872 1.07289e-06 0.105367 0.000542129 
0.125068 0.124809 0.125171 0.125098 0.125188 0.124902 0.125068 0.124696 
8.57318e-05 2.50083e-07 4.69652e-05 0.000745444 0.988355 0.00543098 3.24454e-07 0.00533562 
9.29475e-05 3.82455e-05 9.46959e-05 9.54237e-05 0.773438 8.67324e-08 0.116917 0.109324 
3.47251e-07 2.67654e-07 3.79024e-07 3.56502e-07 0.999904 2.96377e-07 3.47251e-07 9.35176e-05 
0.000226819 0.181306 0.000227007 0.317852 0.49971 0.000226519 0.000226819 0.000226145 
0.246355 6.43468e-07 0.000213621 0.0612496 9.23288e-07 0.251566 8.34828e-07 0.440613 
0.00748579 0.000321584 8.85146e-05 0.00017272 0.000133671 8.51517e-05 0.984143 0.00757 
0.114453 0.000162864 0.638421 0.032698 0.0562775 0.152903 9.83456e-05 0.00498641 
0.048684 0.0482228 0.00894405 0.378343 0.0885638 0.115384 0.311265 0.000593062 
0.000294168 0.000293559 0.118059 0.00029424 0.000294452 0.000293779 0.000294168 0.880176 
0.0277964 0.219636 0.429816 0.000207833 9.49389e-05 0.0506883 0.000322348 0.271438 
0.00395968 0.0025945 0.00194631 0.00183066 0.256444 0.0016908 2.35717e-06 0.731532 
0.498656 0.000169484 2.5723e-06 0.00112228 0.408918 0.0903947 2.35667e-06 0.00073415 
0.060499 0.506472 0.00026152 3.60682e-05 0.000390613 0.000437176 0.431803 9.98816e-05 
0.240358 0.000199717 0.000200297 0.00020018 0.000200324 0.000199866 0.000200131 0.758442 
5.93678e-07 4.57595e-07 0.856549 0.0362421 6.56585e-07 0.000541186 5.93678e-07 0.106665 
0.0962556 0.0512447 0.0899149 0.0962791 0.199085 3.20319e-05 0.077011 0.390178 
0.00107366 0.994101 0.000879295 1.37611e-06 0.00178041 1.14403e-06 1.34041e-06 0.00216139 
0.000553644 0.000552497 0.000554102 0.000553779 0.000554178 0.00055291 0.664927 0.331752 
0.0962556 0.0512447 0.0899149 0.0962791 0.199085 3.20319e-05 0.077011 0.390178 
0.0962556 0.0512447 0.0899149 0.0962791 0.199085 3.20319e-05 0.077011 0.390178 
3.20598e-06 0.9919 3.49933e-06 0.00197813 0.00567666 2.7363e-06 3.20598e-06 0.000432775 
0.966366 0.00479784 0.00481178 0.00480897 0.00481243 0.00480142 0.0048078 0.00479351 
0.0962556 0.0512447 0.0899149 0.0962791 0.199085 3.20319e-05 0.077011 0.390178 
0.00082833 0.496794 0.498239 0.000828532 0.000829128 0.000827232 0.00082833 0.000825869 
0.00123549 0.000508034 0.00125866 0.0012684 0.0028234 7.06269e-05 0.989462 0.00337343 
1.87194e-06 0.000578582 0.00245391 1.92181e-06 0.996639 0.000321137 1.87194e-06 1.25718e-06 
0.0962556 0.0512447 0.0899149 0.0962791 0.199085 3.20319e-05 0.077011 0.390178 
0.133529 0.266338 0.000166841 0.000166743 0.200403 0.000166482 0.000166703 0.399064 
0.000623736 0.000622444 0.000624252 0.000623888 0.000624337 0.000622909 0.000623736 0.995635 
0.00123733 0.00123477 0.00123835 0.991344 0.00123852 0.00123569 0.00123733 0.00123365 
3.57293e-06 2.75394e-06 3.89985e-06 3.66812e-06 0.0102779 0.98133 0.0035765 0.00480149 
3.59059e-07 2.76755e-07 6.72279e-05 0.000623672 0.361932 0.552548 0.00314513 0.0816836 
0.176381 0.000292871 0.000293722 0.704817 0.000293762 0.00029309 0.000293479 0.117336 
0.0962556 0.0512447 0.0899149 0.0962791 0.199085 3.20319e-05 0.077011 0.390178 
0.000610024 0.000250842 0.994965 0.000626275 0.00139406 1.73493e-07 0.00048806 0.00166564 
0.00773523 0.00917126 3.24605e-06 0.00733068 3.28907e-06 0.00710961 0.00476128 0.963885 
0.111125 0.00511603 0.16916 0.00832575 7.46467e-05 0.636933 0.0205079 0.048758 
0.000993373 0.000991315 0.000994195 0.000993615 0.000994331 0.993049 0.000993373 0.000990421 
1.50085e-06 1.15683e-06 1.63818e-06 1.54084e-06 0.998588 1.28097e-06 0.00120218 0.0002026 
0.0001613 0.289899 0.000161433 0.064697 0.226199 0.161247 0.0001613 0.257474 
0.000828 0.000826284 0.000828685 0.000828202 0.000828798 0.166208 0.828827 0.000825539 
0.00015314 5.07436e-07 7.18579e-07 6.7588e-07 7.281e-07 8.33607e-05 0.999579 0.000181942 
0.694052 0.00455233 0.0106062 0.00170537 0.0738142 0.000383783 0.197364 0.0175221 
0.00035984 0.997792 9.79465e-07 0.00184345 9.92444e-07 7.65892e-07 8.97358e-07 6.02657e-07 
0.00123733 0.00123477 0.00123835 0.991344 0.00123852 0.00123569 0.00123733 0.00123365 
0.0962556 0.0512447 0.0899149 0.0962791 0.199085 3.20319e-05 0.077011 0.390178 
0.0962556 0.0512447 0.0899149 0.0962791 0.199085 3.20319e-05 0.077011 0.390178 
0.0962556 0.0512447 0.0899149 0.0962791 0.199085 3.20319e-05 0.077011 0.390178 
0.964738 0.00739438 6.5404e-06 6.15176e-06 0.0278403 5.11426e-06 5.99213e-06 4.02426e-06 
0.0962556 0.0512447 0.0899149 0.0962791 0.199085 3.20319e-05 0.077011 0.390178 
5.35388e-07 0.000247249 5.84376e-07 7.36107e-05 0.953931 0.045555 5.35388e-07 0.000191535 
0.000554334 0.000553186 0.000554793 0.00055447 0.000554869 0.443434 0.000554334 0.55324 
2.05777e-06 1.58609e-06 2.24605e-06 2.11259e-06 2.27582e-06 1.7563e-06 0.00247138 0.997517 
0.00253291 0.208221 0.21395 0.018727 0.313371 0.0657155 0.0461557 0.131328 
0.0868659 0.00582171 0.0117744 0.00684016 0.0784483 0.000128992 0.801244 0.00887668 
0.0214772 0.000105938 0.599901 0.00856795 0.000213929 0.00023943 0.36944 5.47036e-05 
0.995649 0.000620604 0.000622407 0.000622044 0.000622492 0.000621068 0.000621892 0.000620044 
0.0401059 0.263926 4.0099e-05 0.00805522 0.0642073 0.112075 0.0641455 0.447445 
2.75161e-06 2.12088e-06 0.00419835 2.82491e-06 3.04317e-06 0.000238203 0.995255 0.000297307 
3.86999e-07 2.98291e-07 0.000253868 0.000397707 0.00017163 3.30302e-07 3.86999e-07 0.999175 
0.000101924 0.000101713 0.224521 0.102051 0.346977 0.162965 0.163181 0.000101621 
0.917067 0.0271008 1.00473e-05 0.0144633 1.49377e-05 0.0193062 0.00726117 0.0147764 
0.0639616 0.0215904 0.274115 0.233196 9.8426e-05 0.0414056 0.15903 0.206603 
1.88037e-07 1.44935e-07 2.05243e-07 2.88657e-05 0.986228 0.0136936 1.88037e-07 4.91562e-05 
0.00997725 0.0872395 4.67711e-05 0.0157837 0.788644 0.00778566 3.67614e-05 0.0904859 
3.58405e-05 0.00440694 5.13339e-05 6.92597e-06 0.00660357 0.548427 0.440449 1.95611e-05 
0.335314 2.52911e-06 3.58147e-06 3.36866e-06 0.33349 0.331181 3.28124e-06 2.20365e-06 
0.24916 0.00110116 0.445968 0.0121597 0.000124406 0.0466671 0.225933 0.0188862 
0.455513 4.45612e-05 0.125179 0.0268434 4.46968e-05 0.276531 4.46538e-05 0.115799 
0.455513 4.45612e-05 0.125179 0.0268434 4.46968e-05 0.276531 4.46538e-05 0.115799 
0.0607821 0.150532 0.0238819 0.00537875 0.0520553 0.102199 0.0373182 0.567853 
0.455513 4.45612e-05 0.125179 0.0268434 4.46968e-05 0.276531 4.46538e-05 0.115799 
0.106286 0.155431 0.0467697 0.601401 2.94923e-05 0.0215281 2.50245e-07 0.0685551 
0.455513 4.45612e-05 0.125179 0.0268434 4.46968e-05 0.276531 4.46538e-05 0.115799 
0.0962556 0.0512447 0.0899149 0.0962791 0.199085 3.20319e-05 0.077011 0.390178 
0.999123 4.63247e-07 0.000249683 5.08089e-05 6.64695e-07 0.000431693 6.01011e-07 0.000142683 
0.000453846 0.000452906 0.000454222 0.272828 0.000454284 0.000453245 0.000453846 0.72445 
0.80825 0.00220244 9.17051e-07 0.00258855 0.186956 7.17087e-07 8.40176e-07 5.64254e-07 
0.904578 1.09373e-05 0.000588127 3.38889e-05 8.31805e-08 6.41923e-08 0.0856056 0.00918315 
0.455513 4.45612e-05 0.125179 0.0268434 4.46968e-05 0.276531 4.46538e-05 0.115799 
0.584837 0.0061345 0.000197905 0.0176152 0.000443477 3.47426e-07 0.000155471 0.390617 
0.00104947 0.000687618 0.141255 0.000485064 0.855898 0.000448027 3.87635e-07 0.0001764 
0.000138724 0.000138437 0.000138839 0.0833935 0.555569 0.360345 0.000138724 0.000138312 
0.0644039 0.728447 0.0121106 0.102661 0.00211818 0.0412157 0.00220002 0.0468433 
0.966366 0.00479784 0.00481178 0.00480897 0.00481243 0.00480142 0.0048078 0.00479351 
0.995649 0.000620604 0.000622407 0.000622044 0.000622492 0.000621068 0.000621892 0.000620044 
9.96029e-05 3.08113e-07 2.20924e-05 4.10391e-07 0.948176 3.41178e-07 3.99742e-07 0.0517005 
0.999123 4.63247e-07 0.000249683 5.08089e-05 6.64695e-07 0.000431693 6.01011e-07 0.000142683 
1.73008e-06 1.33351e-06 1.88839e-06 0.999989 1.91341e-06 1.47662e-06 1.73008e-06 1.16191e-06 
0.0119397 1.80105e-05 0.0152025 0.00205396 3.64096e-05 0.0985441 0.797505 0.0747 
2.84676e-06 2.19422e-06 0.998048 0.00117196 3.14841e-06 2.4297e-06 2.84676e-06 0.000766657 
1.83359e-05 1.41329e-05 2.00136e-05 1.88244e-05 2.02788e-05 1.56496e-05 0.00735268 0.99254 
0.99998 2.39516e-06 3.39178e-06 3.19023e-06 3.43672e-06 2.6522e-06 3.10745e-06 2.08693e-06 
0.0962556 0.0512447 0.0899149 0.0962791 0.199085 3.20319e-05 0.077011 0.390178 
0.999694 2.48012e-07 3.12989e-05 3.3034e-07 3.55863e-07 0.000233918 3.98863e-05 2.16096e-07 
2.06286e-06 1.59001e-06 2.25161e-06 2.11782e-06 2.28145e-06 1.76065e-06 2.06286e-06 0.999986 
0.000383865 0.00038307 0.000384183 0.000383959 0.000384235 0.843768 0.15393 0.000382724 
0.00031239 0.000311743 0.000312649 0.000312466 0.000312691 0.499474 0.00031239 0.498651 
0.0962556 0.0512447 0.0899149 0.0962791 0.199085 3.20319e-05 0.077011 0.390178 
0.0962556 0.0512447 0.0899149 0.0962791 0.199085 3.20319e-05 0.077011 0.390178 
0.0962556 0.0512447 0.0899149 0.0962791 0.199085 3.20319e-05 0.077011 0.390178 
0.0962556 0.0512447 0.0899149 0.0962791 0.199085 3.20319e-05 0.077011 0.390178 
0.000384054 0.536944 0.000384372 0.154043 0.000384424 0.23051 0.000384054 0.0769655 
0.000553644 0.000552497 0.000554102 0.000553779 0.000554178 0.00055291 0.664927 0.331752 
0.811878 7.48046e-08 0.00987924 0.00369728 1.07334e-07 0.0673055 0.106216 0.00102399 
5.69955e-05 9.14374e-05 4.44711e-07 0.206786 0.79297 3.47741e-07 9.47206e-05 2.73627e-07 
0.000830268 0.000828548 0.000830955 0.00083047 0.000831068 0.000829167 0.000830268 0.994189 
0.0962556 0.0512447 0.0899149 0.0962791 0.199085 3.20319e-05 0.077011 0.390178 
0.00192741 1.45633e-07 0.000577653 0.00011658 2.08963e-07 0.600992 1.88943e-07 0.396386 
0.000828909 0.000827191 0.000829595 0.000829111 0.000829708 0.9942 0.000828909 0.000826446 
0.000102333 4.21256e-05 0.0415705 0.0697409 0.0318307 1.39168e-07 8.18988e-05 0.856631 
7.74043e-07 0.000239243 8.44867e-07 7.94664e-07 8.56062e-07 6.60643e-07 7.74043e-07 0.999756 
0.000554013 0.442844 0.000554472 0.000554148 0.000554547 0.553832 0.000554013 0.000552367 
0.975453 1.04107e-06 0.00236028 0.00222003 1.49379e-06 0.00714847 0.0091859 0.0036293 
3.86999e-07 2.98291e-07 0.000253868 0.000397707 0.00017163 3.30302e-07 3.86999e-07 0.999175 
5.62285e-06 4.33398e-06 6.13734e-06 5.77265e-06 0.999964 4.79908e-06 5.62285e-06 3.77625e-06 
0.00061865 7.93415e-07 0.00112468 1.05679e-06 0.000684202 8.78561e-07 1.02937e-06 0.997569 
0.00260275 0.025486 0.00430493 1.30967e-05 0.0136234 0.719605 0.231351 0.0030134 
0.000499006 0.000497972 0.000499419 0.299976 0.000499487 0.000498345 0.000499006 0.697031 
0.00306613 0.473073 0.33285 0.00458663 9.99687e-05 9.30264e-05 0.0422342 0.143997 
0.000499006 0.000497972 0.000499419 0.299976 0.000499487 0.000498345 0.000499006 0.697031 
0.993376 0.00152791 2.70122e-06 0.00508396 2.73701e-06 2.11222e-06 2.47478e-06 1.66204e-06 
0.995554 1.59334e-06 0.00270985 2.12225e-06 0.00137402 0.000354631 2.06718e-06 1.3883e-06 
0.0401059 0.263926 4.0099e-05 0.00805522 0.0642073 0.112075 0.0641455 0.447445 
0.000145579 0.000939231 0.000258149 0.000504196 1.00565e-07 0.000248424 0.000782086 0.997122 
0.000416516 0.000415654 0.000416861 0.000416618 0.000416918 0.000415964 0.000416516 0.997085 
2.41132e-07 2.99123e-05 0.000358077 0.999496 2.66683e-07 0.000115414 2.41132e-07 1.61942e-07 
0.455513 4.45612e-05 0.125179 0.0268434 4.46968e-05 0.276531 4.46538e-05 0.115799 
0.002456 0.982814 0.00245803 0.0024566 0.00245837 0.00245274 0.002456 0.0024487 
0.0401059 0.263926 4.0099e-05 0.00805522 0.0642073 0.112075 0.0641455 0.447445 
0.00123645 0.00123389 0.00123747 0.00123675 0.991351 0.00123481 0.00123645 0.00123278 
0.0401059 0.263926 4.0099e-05 0.00805522 0.0642073 0.112075 0.0641455 0.447445 
4.19895e-05 0.01021 0.0239617 0.119013 0.0471493 0.629722 0.0580642 0.111838 
4.75378e-06 0.972588 5.18875e-06 4.88043e-06 5.2575e-06 4.05734e-06 4.75378e-06 0.0273833 
0.0247075 4.2244e-05 5.71051e-05 7.71716e-06 0.619206 0.0887934 0.262937 0.00424843 
0.000453846 0.000452906 0.000454222 0.272828 0.000454284 0.000453245 0.000453846 0.72445 
0.0401059 0.263926 4.0099e-05 0.00805522 0.0642073 0.112075 0.0641455 0.447445 
0.0722666 0.230083 0.000194228 0.41563 0.217867 0.000325389 0.000576068 0.0630577 
0.0483657 0.03962 0.00053072 0.908454 0.00119023 3.20885e-07 0.000416824 0.00142197 
4.19057e-05 0.51141 4.56943e-08 8.63882e-06 0.0297245 0.000100081 0.0804959 0.378219 
0.0604909 0.0180932 0.872491 0.00504404 0.0131299 0.0235433 0.000366181 0.00684107 
0.000332903 0.000332213 0.000333179 0.000332984 0.266912 0.332795 0.000332903 0.398629 
7.0945e-07 0.000348494 7.74365e-07 7.2835e-07 7.84625e-07 0.000264796 7.0945e-07 0.999383 
0.000316006 0.000334881 0.996338 6.0912e-05 0.000677036 0.000758408 0.0013427 0.000172447 
7.01844e-07 5.40967e-07 9.2117e-05 0.000559218 7.76213e-07 0.00025061 7.01844e-07 0.999095 
0.000210734 0.000223303 0.997558 4.06727e-05 0.000451427 0.000505659 0.000895199 0.000115007 
0.0024487 0.00244362 0.00245072 0.00244929 0.982872 0.00244545 0.0024487 0.00244142 
0.00124128 0.00123871 0.00124231 0.00124159 0.00124248 0.00123964 0.00124128 0.991313 
5.76222e-05 0.0686594 0.794089 0.137063 8.1923e-05 4.91804e-05 4.11293e-08 2.76221e-08 
0.0102526 0.0375413 7.49976e-05 0.0506647 0.000561364 0.804754 0.00409905 0.0920523 
0.00164371 0.0016403 0.00164507 0.00164411 0.659761 0.00164153 0.330385 0.00163882 
0.915476 5.68e-07 0.000348816 7.0899e-05 0.0833007 0.000603197 7.36916e-07 0.000199329 
0.000995001 0.00099294 0.000995825 0.000995244 0.00099596 0.000993682 0.000995001 0.993036 
0.902311 0.00119198 0.00153459 0.0948194 8.27628e-07 5.53118e-05 7.48333e-07 8.65437e-05 
0.00260275 0.025486 0.00430493 1.30967e-05 0.0136234 0.719605 0.231351 0.0030134 
0.00260275 0.025486 0.00430493 1.30967e-05 0.0136234 0.719605 0.231351 0.0030134 
0.000357138 0.142915 0.000357434 0.000357225 0.000357483 0.000356665 0.000357138 0.854941 
0.99306 0.000990013 0.00099289 0.000992311 0.000993025 0.000990754 0.000992069 0.000989121 
0.00119848 0.00184564 0.304029 0.0024583 0.00926204 2.09142e-06 0.00398921 0.677215 
5.38878e-05 0.000271353 0.000190844 0.00453533 0.104798 0.33489 0.193748 0.361512 
0.00245101 0.00244593 0.00245304 0.00245161 0.00245337 0.00244776 0.982854 0.00244373 
0.00482157 0.00481158 0.00482556 0.00482274 0.00482622 0.00481518 0.00482157 0.966256 
0.000830268 0.000828548 0.000830955 0.00083047 0.000831068 0.000829167 0.000830268 0.994189 
2.0225e-06 1.5589e-06 2.20756e-06 0.999987 2.23681e-06 1.7262e-06 2.0225e-06 1.35829e-06 
0.00123832 0.00123575 0.00123934 0.74441 0.00123951 0.00123668 0.00123832 0.248162 
0.000830268 0.000828548 0.000830955 0.00083047 0.000831068 0.000829167 0.000830268 0.994189 
8.98842e-07 0.999443 9.81085e-07 9.22787e-07 0.000398628 0.000154199 8.98842e-07 6.03654e-07 
4.03939e-06 3.11348e-06 4.40899e-06 0.999431 4.46741e-06 3.4476e-06 4.03939e-06 0.000545276 
0.00480397 0.00479402 0.966397 0.00480514 0.0048086 0.0047976 0.00480397 0.0047897 
6.1562e-06 0.00190277 6.71949e-06 6.3202e-06 6.80852e-06 5.25429e-06 6.1562e-06 0.99806 
0.000711166 0.000709692 0.000711754 0.000711339 0.000711851 0.995024 0.000711166 0.000709052 
1.33578e-07 6.18783e-05 1.458e-07 1.37137e-07 0.999442 0.000182528 0.000133711 0.000179509 
0.00071023 0.000708758 0.000710818 0.000710403 0.000710915 0.000709288 0.995031 0.000708119 
1.03175e-06 7.95255e-07 1.12616e-06 1.05924e-06 1.14108e-06 0.00052924 1.03175e-06 0.999465 
0.352884 0.000293216 0.000294068 0.176632 0.000294108 0.000293435 0.000293825 0.469016 
2.3975e-06 0.0921977 2.61687e-06 2.46137e-06 2.65154e-06 0.241699 2.3975e-06 0.666091 
0.00014263 0.000142334 0.485487 0.199873 0.000142767 0.000142441 0.313928 0.000142206 
0.000818549 0.303425 0.000505845 0.487237 0.102599 0.104896 4.13553e-07 0.000517408 
0.132024 0.467215 0.000658948 0.111437 0.00155708 4.85882e-07 0.000670724 0.286436 
0.00032302 0.849959 3.36966e-07 0.00030614 0.000253807 0.148957 3.08718e-07 0.000200265 
3.12236e-05 0.000201286 0.0412818 0.000108071 0.0226087 0.308649 0.609509 0.0176114 
7.72748e-05 0.0117817 0.124145 0.099763 7.69053e-07 0.256989 0.000289995 0.506953 
0.00133608 0.00291493 2.23644e-06 0.00342605 0.99164 1.74878e-06 2.04896e-06 0.000676715 
8.63185e-07 0.47481 9.42165e-07 0.050393 0.163918 0.31038 0.000497224 5.79707e-07 
0.000123099 8.6594e-07 0.00130978 0.038212 0.000430804 0.000313275 1.12346e-06 0.959609 
2.69165e-06 0.999161 2.93794e-06 2.76336e-06 2.97687e-06 0.000461761 2.69165e-06 0.000363346 
0.999984 1.9202e-06 2.71919e-06 2.55761e-06 2.75522e-06 2.12626e-06 2.49124e-06 1.67309e-06 
1.31416e-06 1.01293e-06 1.43441e-06 1.34917e-06 0.999992 1.12164e-06 1.31416e-06 8.82581e-07 
0.00110438 0.00072358 0.000542611 0.000510369 0.0736936 0.849014 2.76027e-07 0.0744108 
0.000100003 9.9796e-05 0.000100086 0.000100028 0.0001001 9.98706e-05 0.720123 0.279277 
0.00031239 0.000311743 0.000312649 0.000312466 0.000312691 0.499474 0.00031239 0.498651 
0.00626752 0.00756375 0.136667 0.272463 0.000481919 0.1634 0.0968865 0.31627 
2.69666e-06 2.07853e-06 2.9434e-06 0.999982 2.9824e-06 2.30159e-06 2.69666e-06 1.81105e-06 
9.82598e-05 0.189364 0.763732 0.046485 0.000139655 0.000180905 2.07578e-07 1.39407e-07 
0.000111088 0.782866 6.20475e-07 0.016534 0.00022889 0.194348 5.68462e-07 0.00591106 
0.545205 0.00135237 0.0003717 0.000725974 1.448e-07 0.000357697 0.451565 0.000422146 
7.71139e-07 5.94378e-07 8.41698e-07 0.000317465 0.000512563 0.00105372 0.00231419 0.9958 
0.000131561 0.000131288 0.00013167 0.000131593 0.0264692 0.70962 0.263253 0.00013117 
0.00777535 0.00105905 2.49538e-06 0.00328829 2.52845e-06 1.95126e-06 2.2862e-06 0.987868 
2.41022e-06 1.85774e-06 0.00315953 2.47443e-06 0.00213515 0.992766 0.00193058 1.61868e-06 
0.000131561 0.000131288 0.00013167 0.000131593 0.0264692 0.70962 0.263253 0.00013117 
0.00953857 7.20726e-07 0.00285876 0.000576943 0.000414691 0.00494886 9.35062e-07 0.981661 
0.0132194 0.88829 6.13705e-07 0.0978552 6.21837e-07 0.00034378 1.88453e-05 0.000271712 
0.0048078 0.00479784 0.00481178 0.00480897 0.00481243 0.00480142 0.966366 0.00479351 
0.0109179 0.00523294 0.000164739 0.97468 3.316e-05 5.31196e-05 0.000223874 0.00869378 
0.00260275 0.025486 0.00430493 1.30967e-05 0.0136234 0.719605 0.231351 0.0030134 
1.68773e-06 1.30087e-06 1.84216e-06 1.7327e-06 1.86657e-06 1.44048e-06 1.68773e-06 0.999988 
0.000710575 0.405095 0.000894866 2.80471e-07 0.593042 2.33169e-07 2.73193e-07 0.000257047 
1.67073e-07 0.00010315 3.66544e-05 0.000171696 0.000369739 0.999318 1.67073e-07 1.12205e-07 
0.00124027 0.0012377 0.00124129 0.00124057 0.00124146 0.496688 0.00124027 0.495871 
0.000131561 0.000131288 0.00013167 0.000131593 0.0264692 0.70962 0.263253 0.00013117 
0.00124128 0.00123871 0.00124231 0.00124159 0.00124248 0.00123964 0.00124128 0.991313 
0.000499006 0.000497972 0.000499419 0.299976 0.000499487 0.000498345 0.000499006 0.697031 
0.00164958 0.00164616 0.00165095 0.00164998 0.00165117 0.00164739 0.00164958 0.988455 
6.16511e-06 4.75194e-06 6.72922e-06 6.32935e-06 6.81838e-06 0.00211002 6.16511e-06 0.997853 
0.00102931 0.00109079 0.591262 0.397007 0.00220526 0.00247031 0.0043735 0.000561699 
0.125068 0.124809 0.125171 0.125098 0.125188 0.124902 0.125068 0.124696 
0.00104762 0.549798 0.000514724 0.000484138 0.000347792 0.447632 2.61841e-07 0.000176026 
0.000157037 0.00018617 1.18517e-07 0.737714 1.20087e-07 0.261845 1.08582e-07 9.73573e-05 
0.774726 0.000551835 0.000553439 0.000553116 0.221959 0.000552248 0.000552981 0.000551338 
1.88986e-06 1.45667e-06 2.06278e-06 1.94021e-06 2.09012e-06 0.388732 1.88986e-06 0.611256 
0.420577 0.209983 0.000262914 0.368127 0.000262949 0.000262348 0.000262696 0.000261916 
0.00124027 0.0012377 0.00124129 0.00124057 0.00124146 0.496688 0.00124027 0.495871 
0.00260275 0.025486 0.00430493 1.30967e-05 0.0136234 0.719605 0.231351 0.0030134 
0.00124128 0.00123871 0.00124231 0.00124159 0.00124248 0.00123964 0.00124128 0.991313 
0.000116199 0.000587904 8.13613e-07 2.44713e-05 0.000205125 0.255463 0.000185472 0.743417 
0.0048174 0.966289 0.00482138 0.00481857 0.00482204 0.00481101 0.0048174 0.00480308 
0.0962556 0.0512447 0.0899149 0.0962791 0.199085 3.20319e-05 0.077011 0.390178 
0.420577 0.209983 0.000262914 0.368127 0.000262949 0.000262348 0.000262696 0.000261916 
0.125068 0.124809 0.125171 0.125098 0.125188 0.124902 0.125068 0.124696 
0.000142847 0.000142551 0.000142965 0.000142882 0.0287398 0.827557 0.14299 0.000142423 
0.0962556 0.0512447 0.0899149 0.0962791 0.199085 3.20319e-05 0.077011 0.390178 
0.966366 0.00479784 0.00481178 0.00480897 0.00481243 0.00480142 0.0048078 0.00479351 
0.125068 0.124809 0.125171 0.125098 0.125188 0.124902 0.125068 0.124696 
1.40001e-06 1.0791e-06 0.304602 1.43731e-06 1.54836e-06 1.19491e-06 1.40001e-06 0.69539 
0.00982311 0.00643599 0.970094 0.00453956 0.0032611 0.00419305 2.45517e-06 0.00165052 
0.00151671 0.00770916 1.65384e-06 0.000312669 0.00268287 0.00362228 0.972757 0.0113981 
0.0156319 5.3073e-07 0.984204 7.06906e-07 7.61524e-07 5.83893e-05 6.88563e-07 0.000102777 
9.42196e-07 0.000193197 1.02841e-06 9.67297e-07 1.04203e-06 0.120412 9.42196e-07 0.879389 
0.00259737 0.915838 3.65319e-08 0.00263331 0.0053481 0.0255156 1.78883e-05 0.0480498 
0.455513 4.45612e-05 0.125179 0.0268434 4.46968e-05 0.276531 4.46538e-05 0.115799 
6.80473e-07 0.800541 7.42736e-07 6.98601e-07 0.000356496 0.198857 6.80473e-07 0.000242429 
0.00259737 0.915838 3.65319e-08 0.00263331 0.0053481 0.0255156 1.78883e-05 0.0480498 
0.995649 0.000620604 0.000622407 0.000622044 0.000622492 0.000621068 0.000621892 0.000620044 
0.455513 4.45612e-05 0.125179 0.0268434 4.46968e-05 0.276531 4.46538e-05 0.115799 
6.17812e-06 4.76196e-06 6.74341e-06 6.3427e-06 6.83276e-06 5.273e-06 6.17812e-06 0.999958 
1.26118e-07 9.72092e-08 1.37658e-07 1.29478e-07 2.80358e-05 0.99971 0.000126244 0.000135604 
0.49242 0.00244478 0.00245188 0.00245045 0.492894 0.00244661 0.00244985 0.00244257 
0.00164812 0.988467 0.00164949 0.00164852 0.00164971 0.00164594 0.00164812 0.00164322 
1.38879e-05 9.61981e-05 4.0381e-05 2.37473e-05 5.11388e-05 0.248647 0.721281 0.0298463 
1.26118e-07 9.72092e-08 1.37658e-07 1.29478e-07 2.80358e-05 0.99971 0.000126244 0.000135604 
0.000137482 0.999061 8.57951e-05 4.03989e-05 0.000173755 0.000435608 9.81312e-08 6.59699e-05 
0.64593 0.251202 0.0200577 0.066477 0.00820917 0.00739338 0.000531488 0.000199309 
0.00448373 4.31457e-06 6.10986e-06 5.7468e-06 0.995486 4.77759e-06 5.59767e-06 3.75934e-06 
7.18441e-07 0.999139 7.84177e-07 7.3758e-07 0.000530178 0.000327444 7.18441e-07 4.82498e-07 
1.51814e-06 1.17015e-06 1.65705e-06 0.99999 1.679e-06 1.29572e-06 1.51814e-06 1.01957e-06 
6.16791e-06 4.75409e-06 6.73226e-06 6.33222e-06 6.82147e-06 5.26429e-06 6.16791e-06 0.999958 
1.07391e-05 0.999928 1.17218e-05 1.10252e-05 1.18771e-05 9.16582e-06 1.07391e-05 7.21231e-06 
0.392798 0.421866 0.16685 5.81784e-07 0.000265049 0.000245297 0.0179749 3.80582e-07 
7.58606e-07 5.84718e-07 8.28018e-07 7.78816e-07 8.3899e-07 6.47468e-07 7.58606e-07 0.999995 
0.000830268 0.000828548 0.000830955 0.00083047 0.000831068 0.000829167 0.000830268 0.994189 
0.268411 0.00048588 0.000364735 0.000343062 0.000246716 0.730023 9.13967e-07 0.00012495 
0.000791439 0.000750743 0.997699 3.12388e-07 0.000471471 2.59704e-07 3.04282e-07 0.000286299 
1.5784e-06 0.000457287 1.72283e-06 1.62045e-06 1.74565e-06 0.00101138 1.5784e-06 0.998523 
1.84126e-06 0.00166854 0.000724387 1.89032e-06 0.637711 0.35989 1.84126e-06 1.23658e-06 
6.01572e-07 4.63679e-07 6.56615e-07 6.17598e-07 0.000168133 0.053473 6.01572e-07 0.946356 
0.24337 0.748001 0.0009916 1.55187e-06 0.00702312 1.29015e-06 1.5116e-06 0.000610124 
0.114223 0.00023599 0.880771 5.92653e-07 0.000148503 4.92701e-07 0.00452943 9.01779e-05 
0.000227166 0.000102806 0.0175242 0.0163472 0.00140421 2.88013e-05 5.3352e-07 0.964365 
0.000131561 0.000131288 0.00013167 0.000131593 0.0264692 0.70962 0.263253 0.00013117 
0.0341928 0.0116421 0.000150066 9.41814e-05 0.952246 2.04764e-07 0.000152736 0.00152195 
2.47502e-06 1.90769e-06 2.70148e-06 2.54095e-06 2.73728e-06 2.11242e-06 2.47502e-06 0.999983 
0.00929157 0.093443 1.6952e-07 0.00189197 0.145085 8.05953e-05 0.107192 0.643016 
