0.0988962 0.00717874 0.0235523 0.409086 0.215694 0.0750406 0.157041 0.00406578 0.00944583 
0.0440404 0.000484472 0.132437 1.09201e-06 0.23424 0.000535785 0.586539 0.00172157 1.33588e-06 
0.0789458 0.171383 0.0526708 0.328507 6.57377e-05 0.249805 0.0263883 6.57999e-05 0.0921687 
3.85479e-07 0.999997 4.03401e-07 3.50293e-07 3.89235e-07 3.76034e-07 4.42781e-07 4.37922e-07 4.28519e-07 
0.000269029 0.00076923 0.000187955 0.00101646 7.63504e-07 0.997303 0.000103586 8.59006e-07 0.000348771 
9.16496e-05 0.577391 6.39672e-05 0.139065 7.70547e-08 0.283233 3.51496e-05 8.66931e-08 0.000118849 
0.236533 0.105451 0.00013138 0.000131244 0.289086 0.000131309 0.368273 0.000131467 0.000131443 
0.000357251 0.803921 4.66743e-07 0.195109 4.50352e-07 0.000609545 5.12306e-07 5.06685e-07 4.95805e-07 
6.22499e-06 0.993876 6.51441e-06 5.65679e-06 6.28565e-06 0.00607853 7.15035e-06 7.07189e-06 6.92003e-06 
0.000109194 0.00647775 0.33303 5.29151e-05 0.218826 0.0189485 0.118916 0.301963 0.00167562 
0.332227 0.12531 0.00030781 0.197793 0.0916276 0.252312 1.49491e-06 0.000104722 0.00031575 
0.00163815 0.986891 0.00163872 0.00163703 0.00163826 0.00163784 0.00163997 0.00163981 0.00163951 
1.53535e-06 0.999243 1.60673e-06 1.39521e-06 1.55031e-06 1.49773e-06 1.76358e-06 1.74423e-06 0.000746156 
5.07618e-06 0.00134851 5.31219e-06 4.61284e-06 5.12565e-06 0.996307 5.83077e-06 0.00231249 5.64296e-06 
0.16919 0.000145106 0.000137862 4.98595e-08 0.266176 0.377092 6.30238e-08 0.187247 1.22597e-05 
0.000138328 9.5785e-05 0.000323942 0.000143654 0.85819 1.28803e-05 0.140955 5.98886e-05 8.05646e-05 
0.0668146 0.00012702 0.0686336 0.16035 7.1021e-07 0.023826 0.016123 0.66365 0.000475737 
0.000228653 0.728083 0.000289125 0.0624516 0.000202027 0.208352 5.47061e-08 9.74446e-05 0.000296539 
0.107304 0.000352053 0.000535288 0.717456 0.0386853 3.04991e-05 3.61711e-07 0.119974 0.0156626 
0.000182758 1.20171e-06 9.51515e-07 0.000496574 9.18101e-07 8.86964e-07 0.00501417 0.993897 0.000405316 
0.000162165 7.14187e-08 0.000328042 8.84373e-05 0.753392 5.27129e-08 6.20696e-08 0.245861 0.000168257 
0.00130141 0.00121845 0.65988 0.000591432 0.00114986 0.000846437 3.11366e-07 0.333324 0.00168778 
2.77875e-05 0.100909 0.337583 0.0302599 0.143304 7.28223e-07 0.0673007 0.0039046 0.31671 
0.00015598 0.000156354 0.000156035 0.374252 0.000155991 0.0313461 0.000156153 0.499799 0.0938219 
0.00195046 0.00182614 0.988984 0.000886399 0.00172333 0.00126858 4.66654e-07 0.000831221 0.00252953 
0.0020592 3.00203e-07 3.83213e-05 6.2613e-05 2.29353e-07 0.997739 2.60905e-07 6.26728e-05 3.71492e-05 
3.36964e-05 0.0441415 0.0676404 0.017325 0.838853 5.50094e-05 0.000324429 0.00509718 0.0265295 
0.000101932 0.102279 0.000101968 0.448298 0.000101939 0.203928 0.000102045 0.244986 0.000102017 
0.00478545 0.00479691 0.00478711 0.00478217 0.00478576 0.961692 0.00479074 0.00479028 0.00478941 
0.0591006 0.00410994 1.86241e-07 0.234367 0.0475245 0.0487399 0.00585103 0.509705 0.0906017 
3.78964e-08 5.00864e-08 3.96584e-08 3.44373e-08 3.82657e-08 1 4.35298e-08 4.30522e-08 4.21277e-08 
5.20825e-05 0.969359 3.89036e-08 2.03029e-05 3.75375e-08 0.0305346 4.27014e-08 3.38285e-05 4.1326e-08 
0.00388916 9.51709e-07 0.000603604 0.00157111 0.000436988 0.988473 0.000993378 0.0013097 0.00272244 
0.844887 0.0303112 1.20031e-05 8.32016e-05 0.0509189 1.67693e-05 0.0737137 1.30303e-05 4.45473e-05 
0.000584031 0.000546943 0.000738412 0.0438344 0.000516067 0.000379971 0.000446923 0.000249147 0.952704 
9.88286e-07 0.000682873 1.03424e-06 0.00206282 0.000722912 0.99512 1.1352e-06 0.00140715 1.09863e-06 
1.50807e-07 0.00015612 1.57818e-07 0.000471839 1.52276e-07 0.999049 1.73224e-07 0.000321826 1.67645e-07 
7.82992e-08 1.03485e-07 8.19396e-08 7.11522e-08 7.90622e-08 0.999999 8.99386e-08 8.89516e-08 8.70416e-08 
0.00128029 0.000130764 5.15116e-07 0.000805588 0.995545 0.00201719 5.65401e-07 5.59197e-07 0.000219423 
1.05676e-06 0.996637 0.00282649 0.00015197 1.06706e-06 0.00037928 1.21385e-06 1.20053e-06 1.17476e-06 
0.0150574 0.619173 0.00981495 0.00371886 0.0703205 0.000301013 0.275126 0.0011832 0.00530432 
0.00139264 1.03047e-06 0.000216605 0.000562848 0.000156946 0.217005 0.000356177 0.703421 0.0768878 
1.38863e-06 1.8353e-06 1.45319e-06 1.26188e-06 0.999497 1.35461e-06 1.59505e-06 0.000492117 1.54368e-06 
6.8123e-05 0.989563 1.15433e-07 4.05105e-05 1.11379e-07 0.0102838 1.26701e-07 4.42772e-05 1.2262e-07 
0.999999 1.66746e-07 1.32029e-07 1.14647e-07 1.27393e-07 1.23072e-07 1.44918e-07 1.43328e-07 1.4025e-07 
1.54354e-06 2.04005e-06 1.61531e-06 1.40265e-06 0.999987 1.50572e-06 1.77299e-06 1.75354e-06 1.71589e-06 
0.0123906 0.000148809 0.00305226 0.0161949 0.783614 2.81588e-07 3.31571e-07 0.0781759 0.106423 
0.000297479 0.000206115 0.000696388 0.166968 0.00061477 0.00415624 0.826759 0.000128934 0.000173363 
0.00164103 0.00164497 0.00164161 0.00163991 0.00164114 0.329785 0.00164285 0.658721 0.00164239 
0.000277018 0.000277682 0.000277115 0.000276829 0.831388 0.000276966 0.166672 0.000277298 0.000277248 
0.000600761 0.00886777 5.00231e-07 0.000251066 0.000496818 1.62927e-05 1.91847e-05 5.43038e-07 0.989747 
1.12192e-06 1.4828e-06 1.17408e-06 1.01951e-06 1.13285e-06 1.09443e-06 1.28869e-06 1.27455e-06 0.99999 
0.000171883 0.41368 0.137727 0.000171766 0.000171895 0.000171851 0.447562 0.000172057 0.000172026 
0.000276782 0.222233 0.387906 0.000276592 0.0002768 0.000276729 0.3882 0.000277061 0.000277011 
0.00702388 0.0117263 0.022086 0.0046489 0.813494 1.64061e-07 0.0663303 0.0627108 0.0119799 
1.18883e-06 0.000703152 5.67951e-05 0.28832 1.20041e-06 1.1597e-06 1.36555e-06 0.00223185 0.708683 
4.46412e-07 0.567588 0.000654501 4.05664e-07 4.50762e-07 4.35474e-07 0.431755 5.07145e-07 4.96255e-07 
3.85479e-07 0.999997 4.03401e-07 3.50293e-07 3.89235e-07 3.76034e-07 4.42781e-07 4.37922e-07 4.28519e-07 
0.00122679 0.000111158 0.418954 0.577734 0.00050912 8.19619e-08 0.000405441 0.000630075 0.000429741 
4.05156e-07 0.000857307 0.00025482 0.00117853 0.491825 3.95229e-07 4.65383e-07 4.60276e-07 0.505882 
4.46412e-07 0.567588 0.000654501 4.05664e-07 4.50762e-07 4.35474e-07 0.431755 5.07145e-07 4.96255e-07 
0.000127505 0.00354096 6.44115e-05 0.0230087 0.0614936 0.00255758 2.04681e-07 0.900527 0.00867998 
0.000799786 0.000553811 0.00187297 0.000830581 0.9937 7.44716e-05 0.00135604 0.000346265 0.000465809 
7.01463e-07 9.27099e-07 7.34076e-07 6.37435e-07 7.08298e-07 6.84276e-07 8.05737e-07 7.96896e-07 0.999994 
2.00432e-07 2.64904e-07 2.09751e-07 0.00058302 0.000243064 1.95521e-07 2.30226e-07 2.277e-07 0.999173 
0.00477363 0.961799 0.00477529 0.00477036 0.00477394 0.00477272 0.0047789 0.00477845 0.00477758 
0.00042692 0.619669 0.234315 0.000194084 0.000377225 0.000277718 0.144005 0.000182045 0.000553641 
5.33963e-06 7.0572e-06 0.0190044 4.85224e-06 0.00431872 5.2088e-06 6.13338e-06 0.976642 5.93582e-06 
0.0475204 3.26491e-05 3.59709e-05 0.108608 0.0520954 5.15612e-07 0.00498872 0.602264 0.184455 
1.03272e-06 0.000583271 0.000807397 9.38454e-07 1.04278e-06 1.00741e-06 0.998603 1.17322e-06 1.14803e-06 
8.23303e-07 0.586214 0.269257 7.48155e-07 8.31326e-07 8.03131e-07 0.144524 9.35312e-07 9.15229e-07 
0.00123601 0.00123897 0.00123644 0.00123516 0.990106 0.00123577 0.00123737 0.00123726 0.00123703 
5.47865e-07 0.000435182 0.000688578 4.97858e-07 0.797943 0.000641864 6.29307e-07 0.200289 6.09037e-07 
7.25791e-05 0.255822 0.35429 1.09741e-07 0.000585438 0.000353533 0.388876 1.37194e-07 1.34248e-07 
4.24658e-07 0.000677818 0.000201538 0.000696671 0.666341 4.14254e-07 4.87785e-07 4.82432e-07 0.332081 
0.000276782 0.222233 0.387906 0.000276592 0.0002768 0.000276729 0.3882 0.000277061 0.000277011 
0.398624 0.200039 0.00049783 0.39835 0.000497689 0.000497563 0.000498207 0.00049816 0.000498069 
1.08061e-06 0.00178167 0.000213274 9.81976e-07 0.0388463 0.000939601 0.95805 1.22763e-06 0.000166176 
0.000235275 0.00185799 0.000491203 1.06368e-06 0.995186 0.000914617 0.000270249 1.32977e-06 0.00104227 
0.000355975 0.000356828 0.000356099 0.000355732 0.99715 0.000355908 0.000356369 0.000356335 0.00035627 
0.0560655 9.45058e-05 0.0872103 0.0115484 0.718903 6.65321e-07 0.0691515 0.0384617 0.0185647 
3.03203e-06 4.00733e-06 3.173e-06 0.997413 3.06158e-06 0.00118605 3.48275e-06 0.00138126 3.37057e-06 
0.0238339 7.23669e-06 8.00782e-06 0.940481 0.0102045 2.33517e-05 0.0239545 0.00145994 2.78636e-05 
0.240986 4.47257e-05 0.0357521 0.107056 0.0268177 0.312316 0.0536464 0.0715069 0.151874 
1.74758e-07 0.998766 0.000146489 1.58806e-07 0.000564852 1.70476e-07 0.000522113 1.98533e-07 1.9427e-07 
0.0602659 0.000182683 0.000246675 8.86906e-05 0.000172383 0.0989968 1.20864e-07 8.31881e-05 0.839964 
0.153762 0.109185 0.185853 0.0768443 0.134554 0.102499 3.20625e-05 0.057739 0.179532 
0.00163107 0.000567904 0.165343 0.000582511 5.92113e-05 3.91788e-07 0.453831 0.377984 4.46472e-07 
0.000709476 0.000711175 0.994321 0.000708991 0.000709522 0.000709341 0.00071026 0.000710193 0.000710063 
0.0436694 1.56837e-06 0.207076 0.00102291 1.19822e-06 0.281494 1.36306e-06 0.185176 0.281558 
0.153762 0.109185 0.185853 0.0768443 0.134554 0.102499 3.20625e-05 0.057739 0.179532 
0.996288 5.4637e-06 4.32615e-06 3.75662e-06 4.17423e-06 4.03266e-06 4.74847e-06 4.69637e-06 0.00368101 
0.00562324 0.420845 0.11293 0.0112742 0.0310799 0.000107858 0.00086564 0.00341525 0.413859 
0.000171883 0.41368 0.137727 0.000171766 0.000171895 0.000171851 0.447562 0.000172057 0.000172026 
2.71812e-06 3.59245e-06 2.8445e-06 2.47002e-06 0.991357 2.65152e-06 3.12218e-06 0.00741408 0.00121167 
7.10698e-07 9.39305e-07 7.43741e-07 6.45828e-07 7.17624e-07 0.999994 8.16346e-07 8.07388e-07 7.90051e-07 
0.00483091 0.783352 0.105643 0.000206898 0.000180099 5.43833e-07 0.000708384 6.33338e-07 0.105077 
2.26893e-06 0.00144403 0.000572876 2.06183e-06 0.992942 2.21334e-06 2.60621e-06 0.00432485 0.000707434 
5.22685e-07 0.996846 0.000438137 9.54701e-05 5.27778e-07 5.09879e-07 0.00156159 0.000475631 0.000581626 
0.0002931 0.000293803 0.000293202 0.0002929 0.176165 0.000293045 0.000293424 0.704445 0.117631 
1.29989e-06 1.71802e-06 0.00462647 0.994603 1.31256e-06 0.000762094 1.49312e-06 1.47674e-06 1.44503e-06 
0.000991012 0.000993385 0.000991356 0.000990334 0.992067 0.000990824 0.000992107 0.000992013 0.000991832 
0.000497237 0.399242 0.199461 0.000496897 0.398312 0.000497143 0.000497787 0.00049774 0.000497649 
4.55887e-05 0.84862 0.0177788 0.0201726 0.0456633 4.07437e-05 0.0588413 0.00780232 0.0010351 
0.000167061 0.333874 1.14223e-06 0.331652 9.08145e-05 0.000174404 0.000382536 0.333657 1.21335e-06 
0.000948245 0.000139458 0.000147169 0.0769956 0.000106545 0.00119904 0.000242203 0.255781 0.664441 
0.111051 0.111317 0.11109 0.110975 0.111058 0.11103 0.111174 0.111163 0.111143 
2.16744e-06 0.00138474 2.26822e-06 0.32817 2.18856e-06 0.333953 2.48964e-06 0.0015862 0.334897 
2.62419e-05 0.000103876 0.000109642 5.94679e-08 0.999625 6.38378e-08 7.52443e-05 5.95498e-05 7.27479e-08 
0.000178109 0.143007 0.320886 0.000177987 0.000178121 0.000178076 0.321129 0.000178289 0.214086 
0.00374039 0.0204693 2.79393e-06 2.42611e-06 2.69581e-06 0.00156524 3.06667e-06 0.974211 2.96789e-06 
0.0754769 0.331326 0.00113819 0.000306976 0.106077 0.000471721 4.54637e-07 0.155341 0.329862 
3.28041e-07 0.786169 0.00870688 0.000709087 3.31237e-07 3.20003e-07 0.203893 3.7267e-07 0.000520607 
0.00244254 0.00244839 0.00244339 0.00244087 0.0024427 0.00244208 0.00244524 0.98045 0.00244456 
0.00244254 0.00244839 0.00244339 0.00244087 0.0024427 0.00244208 0.00244524 0.98045 0.00244456 
0.111051 0.111317 0.11109 0.110975 0.111058 0.11103 0.111174 0.111163 0.111143 
9.81984e-07 1.29785e-06 0.741057 0.000213895 9.91553e-07 9.57924e-07 1.12796e-06 0.000608119 0.258116 
0.354963 1.85002e-05 9.96285e-07 0.0183653 6.68248e-05 0.520538 1.09354e-06 1.08154e-06 0.106046 
0.111051 0.111317 0.11109 0.110975 0.111058 0.11103 0.111174 0.111163 0.111143 
0.000237424 0.0478367 0.237744 0.000237262 0.190189 0.0477132 0.000237687 0.475567 0.000237621 
7.91723e-07 1.04639e-06 8.28533e-07 0.000474757 0.000351301 7.72325e-07 9.09415e-07 0.313992 0.685178 
0.000452566 0.181914 0.000452724 0.000452257 0.000452596 0.814917 0.000453067 0.000453024 0.000452941 
0.240986 4.47257e-05 0.0357521 0.107056 0.0268177 0.312316 0.0536464 0.0715069 0.151874 
4.37041e-06 5.77622e-06 4.5736e-06 3.97149e-06 4.413e-06 4.26333e-06 0.00100904 0.998959 4.85838e-06 
0.000781244 0.000334241 0.00105027 0.0918202 2.28728e-06 2.20971e-06 0.00119564 0.903801 0.0010128 
0.000127994 0.0001283 0.0513433 0.307102 0.000128002 0.000127969 0.461414 0.1795 0.0001281 
0.000497752 0.000498944 0.000497925 0.000497411 0.000497784 0.79675 0.000498302 0.000498255 0.199764 
0.203169 0.271512 0.0678029 0.219941 0.0339341 8.46023e-05 0.135624 0.0678478 8.46883e-05 
0.00815974 0.964083 4.74132e-06 4.11712e-06 0.0100692 4.41966e-06 0.0145769 0.00309338 5.03654e-06 
0.000848064 0.0154454 8.5157e-05 0.285354 0.00035195 5.66595e-08 0.000280277 0.697338 0.000297076 
4.10817e-05 0.0103704 2.54071e-07 0.569444 2.45149e-07 0.000176413 2.78874e-07 0.419967 2.69891e-07 
0.111051 0.111317 0.11109 0.110975 0.111058 0.11103 0.111174 0.111163 0.111143 
0.354963 1.85002e-05 9.96285e-07 0.0183653 6.68248e-05 0.520538 1.09354e-06 1.08154e-06 0.106046 
4.31994e-06 0.00571522 4.52079e-06 3.92563e-06 0.00262158 0.0042183 4.96211e-06 0.987422 4.80228e-06 
7.86389e-07 0.999851 8.22951e-07 0.000143636 7.94051e-07 7.67121e-07 9.03287e-07 8.93375e-07 8.74192e-07 
0.000142619 0.00014296 0.228412 0.000142521 0.513603 0.000142592 0.142919 0.114353 0.000142737 
0.000189883 0.177958 0.000240102 0.379779 0.000167772 0.247125 4.54302e-08 0.194294 0.000246258 
1.29394e-07 7.61116e-05 1.3541e-07 0.118604 1.30655e-07 0.881162 1.48629e-07 0.000156808 1.43842e-07 
7.03218e-05 0.296129 0.239247 0.0843986 0.239179 0.0703787 7.03995e-05 0.0282276 0.0422984 
0.0026936 0.0661578 0.233623 1.28884e-06 0.0834856 0.0997045 0.300057 0.114073 0.100204 
0.0582967 0.000639725 0.000506534 2.19814e-07 0.939292 0.000708137 0.000555982 2.74803e-07 2.68902e-07 
0.999987 2.05992e-06 1.63104e-06 1.41631e-06 1.57376e-06 1.52039e-06 1.79026e-06 1.77062e-06 1.7326e-06 
0.998728 1.17624e-06 9.31349e-07 8.08737e-07 8.98644e-07 0.000869033 1.02227e-06 1.01105e-06 0.000396726 
4.56598e-06 6.03469e-06 4.77826e-06 0.99996 4.61047e-06 4.4541e-06 5.24472e-06 5.18717e-06 5.07579e-06 
0.000277018 0.000277682 0.000277115 0.000276829 0.831388 0.000276966 0.166672 0.000277298 0.000277248 
0.000478336 2.4306e-07 1.92455e-07 0.00066864 0.000334439 0.000143698 0.237056 0.761318 2.04438e-07 
1.03859e-06 0.999065 1.08687e-06 7.55496e-05 0.000286344 0.000460378 1.19297e-06 0.000108173 1.15455e-06 
8.88048e-05 0.752947 0.000261608 0.000645148 0.0325766 0.0382697 0.175101 5.7866e-05 5.25075e-05 
0.000101932 0.102279 0.000101968 0.448298 0.000101939 0.203928 0.000102045 0.244986 0.000102017 
1.78285e-07 0.000235868 1.86574e-07 0.998929 1.80022e-07 0.000348006 2.04787e-07 0.000486298 1.98191e-07 
0.00926259 0.000747168 0.000236997 0.987309 0.000456779 0.000331103 0.000519617 0.000257279 0.000879569 
4.56598e-06 6.03469e-06 4.77826e-06 0.99996 4.61047e-06 4.4541e-06 5.24472e-06 5.18717e-06 5.07579e-06 
0.000825164 0.993397 0.000825451 0.0008246 0.000825218 0.000825008 0.000826077 0.000825998 0.000825848 
0.00489723 2.63079e-05 0.0202422 0.0384195 0.630357 3.60881e-06 0.292569 0.000775517 0.0127092 
0.000120492 0.226643 0.0146162 0.477536 0.000106464 0.0824564 5.49472e-08 0.064851 0.13367 
0.980428 0.00245081 0.00244581 0.00244329 0.00244512 0.00244449 0.00244766 0.00244743 0.00244698 
0.999987 2.05992e-06 1.63104e-06 1.41631e-06 1.57376e-06 1.52039e-06 1.79026e-06 1.77062e-06 1.7326e-06 
1.14252e-06 1.51003e-06 1.19564e-06 0.998988 1.15366e-06 0.00022402 1.31236e-06 0.000780074 1.27009e-06 
0.999987 2.05992e-06 1.63104e-06 1.41631e-06 1.57376e-06 1.52039e-06 1.79026e-06 1.77062e-06 1.7326e-06 
0.00163815 0.986891 0.00163872 0.00163703 0.00163826 0.00163784 0.00163997 0.00163981 0.00163951 
0.133216 0.000333005 0.133262 0.000331982 0.000332231 0.266049 0.000332577 0.000332545 0.46581 
6.73364e-07 0.998719 7.04671e-07 6.11902e-07 6.79926e-07 0.000657522 0.000619543 7.64974e-07 7.48548e-07 
3.26663e-07 4.31739e-07 3.41851e-07 0.998528 3.29846e-07 6.40505e-05 3.75222e-07 0.00118791 0.000218245 
0.000101932 0.102279 0.000101968 0.448298 0.000101939 0.203928 0.000102045 0.244986 0.000102017 
0.153762 0.109185 0.185853 0.0768443 0.134554 0.102499 3.20625e-05 0.057739 0.179532 
0.000293259 0.000293962 0.76303 0.000293059 0.234916 0.000293204 0.000293584 0.000293556 0.000293502 
0.998552 0.000785983 1.71244e-06 1.487e-06 1.65231e-06 0.000251636 1.87961e-06 6.00973e-05 0.000343747 
6.73364e-07 0.998719 7.04671e-07 6.11902e-07 6.79926e-07 0.000657522 0.000619543 7.64974e-07 7.48548e-07 
0.0024466 0.00245246 0.00244745 0.980414 0.00244675 0.00244613 0.0024493 0.00244907 0.00244862 
0.0378683 0.108687 0.127006 0.185303 0.185046 0.187288 0.0682121 0.0770376 0.023552 
0.0789458 0.171383 0.0526708 0.328507 6.57377e-05 0.249805 0.0263883 6.57999e-05 0.0921687 
0.987693 5.41657e-06 4.28883e-06 3.72421e-06 0.00248708 0.00240272 4.70751e-06 0.00466051 0.00273809 
5.02762e-06 0.00266458 0.010528 4.56871e-06 5.07661e-06 0.986776 5.77499e-06 5.71162e-06 5.58898e-06 
6.29288e-07 0.99988 6.58546e-07 0.000114941 6.3542e-07 6.13869e-07 7.22833e-07 7.14901e-07 6.99551e-07 
2.03342e-07 2.68751e-07 0.00971997 0.166517 2.05324e-07 0.00507176 0.000118197 0.818528 4.47563e-05 
0.0258016 0.00311901 6.95553e-05 0.0212619 0.0560379 0.888424 2.28629e-07 0.00312341 0.00216293 
0.0724404 0.00489011 0.101281 0.213296 0.374596 0.00017701 0.0753761 0.128119 0.029825 
0.0789458 0.171383 0.0526708 0.328507 6.57377e-05 0.249805 0.0263883 6.57999e-05 0.0921687 
0.000336064 0.000340539 5.22842e-05 0.000135832 3.78877e-05 0.952304 0.046445 0.000113285 0.000235305 
1.43936e-06 0.000524804 0.11688 0.107289 0.000671306 1.40409e-06 1.65332e-06 0.773419 0.00121108 
0.0194657 3.31635e-05 0.886555 4.96237e-05 0.0302371 0.000278213 8.09819e-05 0.0605648 0.00273515 
1.50389e-06 0.288326 5.80681e-05 0.4794 1.51854e-06 0.231668 1.72744e-06 1.70849e-06 0.000541781 
0.111051 0.111317 0.11109 0.110975 0.111058 0.11103 0.111174 0.111163 0.111143 
2.94497e-07 5.43067e-05 3.08189e-07 0.997514 0.00197112 2.01644e-05 3.38274e-07 0.000370712 6.82819e-05 
0.000253874 0.133516 0.154178 0.000115416 0.185905 0.04646 1.65781e-07 0.479243 0.00032923 
5.4876e-07 0.000580948 5.74274e-07 4.98671e-07 0.000111376 0.000214661 6.30335e-07 0.99909 6.10032e-07 
0.000226626 0.000227169 0.000226705 0.000226471 0.226867 0.000226583 0.136353 0.635419 0.000226814 
0.000310431 0.000302964 4.82879e-05 0.000125466 3.49894e-05 0.917044 0.0464197 0.000104637 0.0356098 
0.0324348 0.000256988 0.0766828 0.000385188 0.233232 3.47296e-05 0.000628799 0.656128 0.000216152 
0.0223245 0.0197559 0.00249262 0.204671 4.521e-05 0.211012 0.307556 0.213826 0.0183163 
0.0206049 0.00659814 0.0419517 0.327967 0.0157648 6.35113e-05 0.312719 0.079124 0.195207 
0.000293259 0.000293962 0.76303 0.000293059 0.234916 0.000293204 0.000293584 0.000293556 0.000293502 
0.03355 8.60028e-05 0.160642 0.690758 0.000256641 0.0282205 0.000210496 0.0193725 0.0669041 
0.000201296 0.000575589 0.000140628 0.998122 5.53857e-07 0.000620659 7.74932e-05 6.23136e-07 0.000260965 
0.000117887 1.39712e-06 0.00321312 0.0966287 1.06739e-06 0.568981 0.278079 0.0529766 1.17512e-06 
0.151089 0.842781 0.000300978 0.0010071 0.00124336 3.67596e-07 0.000990213 0.00153873 0.00104954 
0.000199575 0.000200053 0.159915 0.000199439 0.000199588 0.479088 0.000199796 0.359798 0.00019974 
0.000427786 9.04662e-05 3.28956e-07 2.85649e-07 0.000243113 3.3539e-05 0.89013 0.109074 3.49439e-07 
0.153762 0.109185 0.185853 0.0768443 0.134554 0.102499 3.20625e-05 0.057739 0.179532 
6.02729e-07 0.191983 0.00201904 0.000219633 6.08602e-07 5.87961e-07 6.92326e-07 6.84729e-07 0.805775 
0.000551644 0.774705 0.000551836 0.000551267 0.00055168 0.000551539 0.000552254 0.221433 0.000552101 
0.153762 0.109185 0.185853 0.0768443 0.134554 0.102499 3.20625e-05 0.057739 0.179532 
0.153762 0.109185 0.185853 0.0768443 0.134554 0.102499 3.20625e-05 0.057739 0.179532 
2.27344e-06 0.000603952 0.000954036 0.997018 2.2956e-06 0.000889313 0.000524891 2.58274e-06 2.52728e-06 
0.00477997 0.00479142 0.00478163 0.0047767 0.00478028 0.00477907 0.00478525 0.961742 0.00478393 
0.153762 0.109185 0.185853 0.0768443 0.134554 0.102499 3.20625e-05 0.057739 0.179532 
0.000825804 0.497498 0.000826091 0.00082524 0.000825858 0.000825648 0.000826717 0.000826639 0.49672 
0.462601 0.217098 0.00145871 0.315085 0.00101928 0.000750315 2.76007e-07 0.000491634 0.00149612 
1.71035e-06 2.26051e-06 1.78987e-06 0.997818 1.72702e-06 0.00100273 1.9646e-06 0.00116777 1.90132e-06 
0.153762 0.109185 0.185853 0.0768443 0.134554 0.102499 3.20625e-05 0.057739 0.179532 
0.000166321 0.0668547 0.53258 0.0666492 0.000166332 0.00016629 0.000166505 0.000166489 0.333084 
0.000620124 0.870875 0.00062034 0.0006197 0.000620164 0.000620007 0.124783 0.000620751 0.000620638 
0.990105 0.00123905 0.00123651 0.00123524 0.00123617 0.00123585 0.00123745 0.00123733 0.00123711 
0.000455598 0.000301825 0.00142796 0.99342 1.14723e-06 1.10832e-06 1.30505e-06 0.00438976 1.26301e-06 
4.57574e-07 0.0415053 0.00781433 0.556428 0.0835388 3.4715e-05 5.25594e-07 0.306993 0.00368525 
0.000293344 0.000294046 0.000293446 0.000293143 0.000293363 0.8215 0.000293668 0.00029364 0.176446 
0.153762 0.109185 0.185853 0.0768443 0.134554 0.102499 3.20625e-05 0.057739 0.179532 
0.000480322 0.000449707 0.000607352 0.000218285 0.00042439 0.000312402 1.14919e-07 0.000204697 0.997303 
2.41698e-07 0.00134198 0.000860233 0.000263783 0.996859 0.000236012 0.000166854 0.000110107 0.00016148 
0.742598 8.48225e-06 0.00300838 0.0300986 0.00931858 0.0557117 0.0148143 0.0394126 0.105029 
0.000990548 0.000992921 0.199169 0.000989871 0.397235 0.000990361 0.397649 0.000991549 0.000991368 
1.02877e-06 1.35969e-06 1.0766e-06 9.3487e-07 0.999534 1.00357e-06 1.1817e-06 1.16874e-06 0.0004586 
0.000160887 0.225943 0.322048 0.000160777 0.000160898 0.000160857 0.0968002 0.00016105 0.354405 
0.331659 0.166642 0.000827368 0.496734 0.000827134 0.000826924 0.000827995 0.000827916 0.000827765 
0.328759 0.333964 3.82925e-06 0.00160233 0.00168 3.56947e-06 4.20306e-06 0.333979 4.06768e-06 
0.107618 0.00303912 0.00558872 0.00751133 0.251046 0.000162076 0.000148952 0.285098 0.339788 
0.00146804 0.00323161 0.00358128 2.2197e-06 0.990041 2.38281e-06 2.80577e-06 0.00166776 2.7154e-06 
0.990105 0.00123905 0.00123651 0.00123524 0.00123617 0.00123585 0.00123745 0.00123733 0.00123711 
0.153762 0.109185 0.185853 0.0768443 0.134554 0.102499 3.20625e-05 0.057739 0.179532 
0.153762 0.109185 0.185853 0.0768443 0.134554 0.102499 3.20625e-05 0.057739 0.179532 
0.153762 0.109185 0.185853 0.0768443 0.134554 0.102499 3.20625e-05 0.057739 0.179532 
1.36152e-06 1.79947e-06 0.000856317 1.23724e-06 1.37478e-06 0.00239201 0.00156547 0.995179 1.51354e-06 
0.153762 0.109185 0.185853 0.0768443 0.134554 0.102499 3.20625e-05 0.057739 0.179532 
5.20674e-07 0.000255699 0.000288998 8.20854e-05 5.25747e-07 0.000175696 9.55816e-05 0.000182425 0.998918 
0.000552511 0.000553834 0.663796 0.000552133 0.000552547 0.000552406 0.000553122 0.000553069 0.332334 
5.14118e-07 0.95292 5.38021e-07 4.67191e-07 5.19128e-07 5.01521e-07 5.90543e-07 0.0470759 5.71521e-07 
0.119589 0.00515349 0.0164836 0.00497206 0.073396 0.00860193 0.000260943 0.00697466 0.764569 
0.458215 0.0190477 3.25083e-05 0.169775 0.0178059 0.235479 0.0405491 0.0329353 0.0261598 
0.000462911 4.31213e-05 4.73872e-05 0.0220188 0.370958 9.63694e-07 0.273083 0.281373 0.052013 
0.000620892 0.00062238 0.000621108 0.000620468 0.000620933 0.000620775 0.000621579 0.870749 0.124902 
0.655732 0.0401171 0.016038 0.127892 0.032027 0.0240242 0.0320604 0.0160487 0.05606 
0.0906471 0.000697277 5.08284e-06 0.9002 0.0075688 4.73802e-06 0.000866023 5.51781e-06 5.39933e-06 
6.79314e-07 0.00071916 0.996963 6.17308e-07 0.000823807 0.000398265 0.00109319 7.71733e-07 7.55162e-07 
0.000101932 0.102279 0.000101968 0.448298 0.000101939 0.203928 0.000102045 0.244986 0.000102017 
0.0416975 0.179842 0.0554939 0.0296044 0.100333 0.54813 0.0156862 0.00390832 0.0253042 
0.00452291 0.00126542 0.0144123 0.00913647 0.277074 0.028657 0.128396 0.518287 0.0182495 
5.47673e-07 7.23841e-07 5.73137e-07 0.854454 0.00433574 5.34255e-07 6.29087e-07 0.000377872 0.140829 
0.0618224 0.0513793 0.219678 0.353615 9.62042e-05 0.00837759 0.00029975 0.024599 0.280132 
0.161889 0.00657369 0.00352067 0.0701414 0.674374 5.81845e-08 0.0832733 0.000135281 9.22824e-05 
7.06339e-07 9.33544e-07 7.39179e-07 6.41866e-07 0.00055436 6.89033e-07 8.11338e-07 8.02435e-07 0.99944 
0.16264 0.0909341 0.00121733 0.0125245 0.163626 0.172071 0.0076399 0.384003 0.00534546 
0.240986 4.47257e-05 0.0357521 0.107056 0.0268177 0.312316 0.0536464 0.0715069 0.151874 
0.240986 4.47257e-05 0.0357521 0.107056 0.0268177 0.312316 0.0536464 0.0715069 0.151874 
0.772148 0.0247879 0.00525593 0.139869 0.00300069 0.00901131 0.00962882 0.00189654 0.0344014 
0.240986 4.47257e-05 0.0357521 0.107056 0.0268177 0.312316 0.0536464 0.0715069 0.151874 
0.322626 0.000354945 0.0749351 0.074987 0.193989 0.304006 0.000722018 0.0147324 0.013648 
0.240986 4.47257e-05 0.0357521 0.107056 0.0268177 0.312316 0.0536464 0.0715069 0.151874 
0.153762 0.109185 0.185853 0.0768443 0.134554 0.102499 3.20625e-05 0.057739 0.179532 
0.00203679 1.25389e-06 0.000316622 0.992208 0.000229367 0.00257532 0.000520751 0.000686356 0.001426 
0.000451871 0.634588 0.000452028 0.000451562 0.0004519 0.000451786 0.000452371 0.000452328 0.362248 
2.20149e-06 2.90964e-06 2.30385e-06 0.00400309 0.00711567 0.00601529 0.000508279 2.501e-06 0.982348 
0.0204372 0.907578 0.00109666 0.0280821 0.0149216 0.0195205 0.0047441 0.00361961 8.27049e-08 
0.240986 4.47257e-05 0.0357521 0.107056 0.0268177 0.312316 0.0536464 0.0715069 0.151874 
0.238859 0.397809 0.000473655 0.0179322 0.000331167 0.00893799 9.08344e-07 0.335171 0.000485828 
0.675977 0.00250017 0.0201557 0.00330346 0.00218274 0.169675 0.000336966 3.12915e-06 0.125866 
0.000138711 0.000139044 0.00013876 0.443711 0.166603 0.000138685 0.000138865 0.000138852 0.388852 
0.0111213 0.775429 0.0158766 0.0633919 0.0979229 0.0164194 0.0110649 4.17277e-05 0.00873191 
0.00477997 0.00479142 0.00478163 0.0047767 0.00478028 0.00477907 0.00478525 0.961742 0.00478393 
0.000620892 0.00062238 0.000621108 0.000620468 0.000620933 0.000620775 0.000621579 0.870749 0.124902 
1.15139e-06 0.00109011 1.20492e-06 0.000232395 1.16261e-06 0.0010773 0.00142046 0.995043 0.00113333 
0.00203679 1.25389e-06 0.000316622 0.992208 0.000229367 0.00257532 0.000520751 0.000686356 0.001426 
0.997974 3.27943e-06 2.59665e-06 2.2548e-06 0.00200687 2.42049e-06 2.85013e-06 2.81886e-06 2.75833e-06 
0.466727 8.94508e-06 0.231652 0.0221243 0.0697371 1.40358e-08 3.25985e-05 0.128336 0.0813824 
0.00113156 0.998855 1.97033e-06 1.71093e-06 1.90114e-06 1.83666e-06 2.16267e-06 2.13894e-06 2.09301e-06 
0.995404 1.63223e-05 1.2924e-05 0.00450023 1.24701e-05 1.20472e-05 1.41856e-05 1.40299e-05 1.37287e-05 
3.12361e-06 4.12837e-06 3.26884e-06 2.8385e-06 3.15405e-06 3.04708e-06 3.58794e-06 0.999279 0.000697947 
0.153762 0.109185 0.185853 0.0768443 0.134554 0.102499 3.20625e-05 0.057739 0.179532 
9.43027e-05 0.0424225 6.7935e-07 5.89914e-07 0.822795 0.0197698 7.45669e-07 7.37486e-07 0.114916 
1.2573e-06 0.999704 1.31576e-06 1.14254e-06 1.26956e-06 1.2265e-06 1.44421e-06 0.000287099 1.39769e-06 
0.00038288 0.000383797 0.000383013 0.000382618 0.000382905 0.000382808 0.613669 0.38365 0.000383197 
0.00031123 0.437079 0.000311339 0.000311018 0.000311251 0.311482 0.249571 0.000311545 0.000311488 
0.153762 0.109185 0.185853 0.0768443 0.134554 0.102499 3.20625e-05 0.057739 0.179532 
0.153762 0.109185 0.185853 0.0768443 0.134554 0.102499 3.20625e-05 0.057739 0.179532 
0.153762 0.109185 0.185853 0.0768443 0.134554 0.102499 3.20625e-05 0.057739 0.179532 
0.153762 0.109185 0.185853 0.0768443 0.134554 0.102499 3.20625e-05 0.057739 0.179532 
0.153663 0.000384117 0.000383333 0.000382937 0.613542 0.000383127 0.000383623 0.000383587 0.230494 
0.000551644 0.774705 0.000551836 0.000551267 0.00055168 0.000551539 0.000552254 0.221433 0.000552101 
0.182518 1.70871e-07 0.00330555 0.0197317 2.49759e-05 0.371179 0.0928418 0.0188413 0.311557 
0.000202575 0.000341202 0.00788965 0.951678 5.95778e-07 0.039384 6.77738e-07 0.00024531 0.000258352 
0.000825354 0.828158 0.00082564 0.000824789 0.000825407 0.000825197 0.000826266 0.166063 0.000826037 
0.153762 0.109185 0.185853 0.0768443 0.134554 0.102499 3.20625e-05 0.057739 0.179532 
0.0102414 0.00300988 0.955277 0.00413722 0.00115072 0.01295 0.00261587 0.00344884 0.00716903 
0.00082622 0.000828199 0.000826507 0.000825655 0.000826273 0.000826063 0.993387 0.000827055 0.000826904 
0.000254625 0.0992979 0.721052 0.000115819 0.130344 0.0480888 0.000408651 0.000108673 0.000330179 
2.47399e-06 0.00131119 0.00259161 2.24817e-06 0.000502119 2.41338e-06 2.84176e-06 2.81058e-06 0.995582 
0.000552559 0.000553882 0.884954 0.000552181 0.000552595 0.000552454 0.00055317 0.111176 0.000553016 
0.00236576 1.0419e-06 0.00478568 0.00129018 0.00366242 7.69008e-07 9.0551e-07 0.00358319 0.98431 
6.79314e-07 0.00071916 0.996963 6.17308e-07 0.000823807 0.000398265 0.00109319 7.71733e-07 7.55162e-07 
5.59398e-06 7.39336e-06 5.85406e-06 5.08337e-06 5.64849e-06 5.45692e-06 6.42553e-06 6.35503e-06 0.999952 
6.15376e-07 8.13321e-07 0.774461 5.59206e-07 6.21373e-07 6.00299e-07 0.00056619 0.224969 6.84086e-07 
0.00158412 0.00439975 1.90558e-05 0.00524818 0.0145965 4.92053e-06 0.966883 1.20802e-05 0.0072523 
0.000497237 0.399242 0.199461 0.000496897 0.398312 0.000497143 0.000497787 0.00049774 0.000497649 
0.00311541 0.122086 0.248433 0.000116769 0.168945 0.0153992 0.438701 0.00313807 6.58178e-05 
0.000497237 0.399242 0.199461 0.000496897 0.398312 0.000497143 0.000497787 0.00049774 0.000497649 
0.000453035 0.998266 7.88848e-07 6.84996e-07 0.000761908 7.35332e-07 8.65856e-07 0.000514669 8.37966e-07 
4.39347e-07 5.8067e-07 4.59774e-07 3.99245e-07 4.43628e-07 0.000257578 5.04657e-07 0.999739 4.88402e-07 
0.655732 0.0401171 0.016038 0.127892 0.032027 0.0240242 0.0320604 0.0160487 0.05606 
0.00138624 0.000959902 0.00324636 0.00143962 0.576027 0.413183 0.00235037 0.00060017 0.000807373 
0.000415189 0.000416183 0.000415333 0.000414905 0.000415216 0.996676 0.000415648 0.000415608 0.000415532 
0.860354 7.5674e-07 0.000916577 5.20303e-07 0.137092 0.00113901 6.57679e-07 0.00041497 8.17209e-05 
0.240986 4.47257e-05 0.0357521 0.107056 0.0268177 0.312316 0.0536464 0.0715069 0.151874 
0.00243924 0.98048 0.00244009 0.00243757 0.0024394 0.00243878 0.00244194 0.00244171 0.00244126 
0.655732 0.0401171 0.016038 0.127892 0.032027 0.0240242 0.0320604 0.0160487 0.05606 
0.00123677 0.00123974 0.0012372 0.742791 0.00123685 0.248544 0.00123814 0.00123802 0.0012378 
0.655732 0.0401171 0.016038 0.127892 0.032027 0.0240242 0.0320604 0.0160487 0.05606 
0.004381 0.000105308 0.931858 0.0115044 0.0340466 0.000129541 4.58675e-05 0.0145847 0.00334416 
3.65155e-06 0.997576 3.82132e-06 3.31824e-06 3.68713e-06 3.56208e-06 0.00239806 4.14833e-06 4.05926e-06 
0.000347298 3.1626e-05 0.0294296 0.212015 0.49792 0.000326468 0.0220581 0.237749 0.000121755 
0.000451871 0.634588 0.000452028 0.000451562 0.0004519 0.000451786 0.000452371 0.000452328 0.362248 
0.655732 0.0401171 0.016038 0.127892 0.032027 0.0240242 0.0320604 0.0160487 0.05606 
0.000246103 0.00915037 0.00489758 0.0976595 0.000102162 6.27934e-08 0.381968 0.338989 0.166988 
0.736829 0.117758 0.000680198 0.000244833 0.110966 0.000350173 9.18957e-07 0.0324735 0.000697665 
0.00119408 0.0578887 3.05523e-05 0.932035 5.88852e-05 0.00857946 6.6986e-05 3.31669e-05 0.000113389 
0.0292675 0.00719652 0.000491722 0.00448523 0.00148817 0.000246147 0.0430948 0.0337587 0.879971 
0.0667265 0.399654 0.000332088 0.199379 0.000331994 0.00033191 0.00033234 0.000332308 0.33258 
0.000555795 0.00188102 0.995531 0.000384242 1.59617e-06 1.54203e-06 1.81575e-06 1.79582e-06 0.00164078 
0.00131249 0.000118924 0.000131792 0.000441183 0.00054469 8.76882e-08 0.260694 0.000674094 0.736083 
0.173131 0.501677 3.0871e-06 0.000289087 0.166971 2.87767e-06 0.0050511 0.152633 0.000242225 
0.000875098 7.94177e-05 8.79682e-05 0.000294215 0.00036323 1.58072e-07 0.216163 0.000449512 0.781688 
0.00244541 0.00245127 0.00244626 0.00244374 0.00244557 0.980424 0.00244812 0.00244789 0.00244744 
0.00123435 0.496161 0.00123478 0.00123351 0.248121 0.00123412 0.00123572 0.0012356 0.24831 
0.0313169 9.83635e-05 0.187 3.37985e-08 0.432916 0.348533 8.54872e-05 4.22957e-05 8.31057e-06 
0.0513345 0.0217936 0.0806349 0.0780113 0.183204 2.0806e-05 2.44992e-05 0.000170065 0.584806 
0.00164039 0.00164432 0.00164096 0.00163927 0.0016405 0.00164008 0.0016422 0.986871 0.00164175 
0.00051564 5.76708e-07 8.0332e-05 0.000208476 5.82434e-05 0.985489 0.0131125 0.000173917 0.000361092 
0.000991012 0.000993385 0.000991356 0.000990334 0.992067 0.000990824 0.000992107 0.000992013 0.000991832 
1.45729e-05 2.4689e-07 1.95487e-07 0.0475406 1.88622e-07 0.000112304 0.952201 0.000130959 2.07659e-07 
0.00158412 0.00439975 1.90558e-05 0.00524818 0.0145965 4.92053e-06 0.966883 1.20802e-05 0.0072523 
0.00158412 0.00439975 1.90558e-05 0.00524818 0.0145965 4.92053e-06 0.966883 1.20802e-05 0.0072523 
0.000355765 0.000356618 0.356245 0.000355522 0.000355789 0.000355698 0.000356159 0.000356125 0.641264 
0.000990156 0.000992528 0.0009905 0.000989478 0.00099022 0.000989968 0.00099125 0.595685 0.397381 
0.000676595 0.000812994 5.13029e-07 4.45488e-07 0.876757 0.000660012 5.63111e-07 0.121092 5.44973e-07 
0.158311 0.000149696 4.75892e-05 0.000328795 0.445072 6.64032e-05 0.275692 0.000625532 0.119707 
0.00244298 0.00244883 0.00244383 0.00244131 0.00244314 0.00244252 0.00244568 0.00244545 0.980446 
0.00477363 0.961799 0.00477529 0.00477036 0.00477394 0.00477272 0.0047789 0.00477845 0.00477758 
0.000825164 0.993397 0.000825451 0.0008246 0.000825218 0.000825008 0.000826077 0.000825998 0.000825848 
0.00219026 4.81661e-06 3.81379e-06 3.3117e-06 3.67986e-06 3.55506e-06 4.18609e-06 0.997782 4.05126e-06 
0.00123502 0.00123798 0.00123545 0.00123418 0.0012351 0.00123479 0.00123639 0.248489 0.742862 
0.000825164 0.993397 0.000825451 0.0008246 0.000825218 0.000825008 0.000826077 0.000825998 0.000825848 
1.59318e-06 2.10565e-06 1.66725e-06 1.44776e-06 1.6087e-06 0.997141 0.000367832 1.80993e-06 0.00248126 
1.08411e-05 1.43282e-05 1.13451e-05 9.85151e-06 1.09467e-05 1.05754e-05 1.24526e-05 0.992677 0.00724296 
0.00478545 0.00479691 0.00478711 0.00478217 0.00478576 0.961692 0.00479074 0.00479028 0.00478941 
3.13017e-06 0.998686 3.2757e-06 0.000571735 3.16067e-06 3.05347e-06 0.000722691 3.55602e-06 3.47966e-06 
0.284431 0.000711003 0.000709551 0.000708819 0.00070935 0.00070917 0.000710088 0.000710021 0.710601 
1.11209e-07 2.95431e-05 0.139911 0.000161793 8.9946e-05 2.18052e-05 1.2774e-07 0.859786 1.23626e-07 
0.000708035 0.994334 0.000708281 0.000707551 0.000708081 0.000707901 0.000708818 0.000708751 0.000708621 
6.29021e-07 0.999457 0.000395619 5.71606e-07 6.35151e-07 6.13609e-07 7.22527e-07 0.000143634 6.99254e-07 
0.0002931 0.000293803 0.000293202 0.0002929 0.176165 0.000293045 0.000293424 0.704445 0.117631 
6.73339e-07 0.998965 7.04645e-07 6.11879e-07 6.79901e-07 0.000401942 0.000378786 7.64946e-07 0.000250416 
0.000142656 0.000142997 0.000142705 0.000142558 0.941733 0.000142629 0.0572682 0.0001428 0.000142774 
0.0688668 0.381677 0.0626567 1.97805e-07 0.100545 0.0659942 0.000147046 0.184446 0.135666 
0.0459988 0.893625 1.26147e-07 1.0954e-07 0.000188728 0.0193452 1.38461e-07 0.0408422 1.34002e-07 
1.04898e-06 0.203778 0.709104 0.000194517 0.07917 0.000174179 0.000944354 8.18535e-05 0.00655204 
0.360001 0.0159306 0.000151426 0.149993 0.130262 6.0637e-06 0.302873 0.0407452 3.76989e-05 
7.03902e-05 3.82146e-07 0.0485952 3.84841e-05 0.688592 6.83919e-05 0.000140681 0.262422 7.30542e-05 
2.74238e-06 3.62451e-06 2.86988e-06 0.00115189 0.00204625 0.927749 0.0681679 0.000591694 0.000284264 
8.43815e-07 0.0510578 0.0991063 7.66794e-07 0.187805 8.23141e-07 0.544862 0.00052258 0.116644 
0.000534645 0.000166385 9.61252e-07 8.34704e-07 9.27497e-07 0.0100383 0.208929 0.780328 1.02111e-06 
5.37586e-06 0.00142812 0.00338111 0.000981918 5.42824e-06 5.24414e-06 0.994181 6.10723e-06 5.9761e-06 
5.57508e-06 7.36839e-06 5.83429e-06 5.0662e-06 0.00338328 5.43848e-06 6.40383e-06 6.33356e-06 0.996575 
0.000637198 3.50265e-06 0.000666823 2.40828e-06 2.676e-06 0.99621 3.04413e-06 3.01073e-06 0.00247183 
0.000306656 0.000877751 0.299858 0.697379 2.57822e-07 0.000946742 0.000117609 0.000116319 0.000397663 
0.419596 0.000100119 0.399758 9.98114e-05 9.98862e-05 9.98608e-05 9.99901e-05 0.0800846 0.100062 
0.00031123 0.437079 0.000311339 0.000311018 0.000311251 0.311482 0.249571 0.000311545 0.000311488 
0.505296 2.27435e-05 0.0930729 0.149862 0.140063 0.000636529 8.20427e-05 0.0861966 0.0247681 
2.4102e-06 3.18548e-06 2.52226e-06 2.1902e-06 2.43369e-06 2.35115e-06 0.999979 2.7381e-06 2.67931e-06 
0.0106359 0.000199835 0.146199 1.71722e-07 0.725903 0.116717 0.000173675 0.000143201 2.81933e-05 
2.90798e-07 0.0105383 0.943187 0.00313059 0.0238374 3.53601e-05 3.34026e-07 0.00316364 0.0161067 
0.000239404 0.0664757 0.000560645 0.000248622 0.792372 2.22919e-05 0.000405908 0.000103649 0.139572 
3.09947e-07 0.115357 3.24357e-07 0.000563593 3.12967e-07 0.48455 0.399528 3.52115e-07 3.44554e-07 
0.236533 0.105451 0.00013138 0.000131244 0.289086 0.000131309 0.368273 0.000131467 0.000131443 
0.000907401 0.99812 6.77794e-07 5.88562e-07 6.53992e-07 0.000379719 7.4396e-07 0.000589373 7.19997e-07 
4.3738e-07 5.7807e-07 4.57716e-07 0.700717 0.000353755 4.26664e-07 5.02398e-07 0.298926 4.86216e-07 
0.236533 0.105451 0.00013138 0.000131244 0.289086 0.000131309 0.368273 0.000131467 0.000131443 
0.00209324 5.12232e-07 0.000324874 0.000845607 0.000235197 0.532019 0.32133 0.141686 0.00146528 
0.00161488 0.000174426 7.45128e-05 0.806353 1.14034e-06 4.36479e-05 0.190196 0.000279905 0.00126186 
0.00478428 0.00479574 0.00478594 0.004781 0.961703 0.00478337 0.00478957 0.00478911 0.00478824 
0.00103782 0.134013 0.110129 1.31081e-06 0.0605579 0.168038 0.000646286 0.000842623 0.524734 
0.00158412 0.00439975 1.90558e-05 0.00524818 0.0145965 4.92053e-06 0.966883 1.20802e-05 0.0072523 
0.000440953 0.99915 1.31515e-06 0.000400703 1.26897e-06 1.22593e-06 1.44353e-06 1.42769e-06 1.39704e-06 
9.31609e-05 2.04871e-07 1.62217e-07 0.964278 1.5652e-07 0.000816693 1.78052e-07 0.000141055 0.0346703 
0.00433128 1.68318e-06 0.00213372 1.15728e-06 0.00308755 1.24233e-06 1.46284e-06 0.989025 0.00141714 
0.00123316 0.990132 0.00123359 0.00123232 0.00123324 0.00123293 0.00123453 0.00123441 0.00123418 
0.236533 0.105451 0.00013138 0.000131244 0.289086 0.000131309 0.368273 0.000131467 0.000131443 
0.00123316 0.990132 0.00123359 0.00123232 0.00123324 0.00123293 0.00123453 0.00123441 0.00123418 
0.000497237 0.399242 0.199461 0.000496897 0.398312 0.000497143 0.000497787 0.00049774 0.000497649 
0.00163815 0.986891 0.00163872 0.00163703 0.00163826 0.00163784 0.00163997 0.00163981 0.00163951 
1.57168e-06 0.999987 1.64475e-06 1.42822e-06 1.587e-06 1.53317e-06 1.80532e-06 1.78551e-06 1.74717e-06 
0.999024 4.1127e-05 4.55771e-05 0.000152573 0.000188368 6.09529e-06 0.000150008 0.000233119 0.000158999 
0.111051 0.111317 0.11109 0.110975 0.111058 0.11103 0.111174 0.111163 0.111143 
0.000884933 0.00253297 0.988846 0.00334853 7.4401e-07 0.00273206 0.000339391 0.000168251 0.00114756 
0.328826 0.000850045 0.209051 0.0783497 0.358832 0.000149517 2.09505e-07 0.0238395 0.000102313 
0.000552235 0.000553557 0.000552426 0.000551857 0.00055227 0.00055213 0.000552845 0.99558 0.000552692 
7.86113e-07 0.9995 0.00049442 7.14359e-07 7.93773e-07 7.66852e-07 9.0297e-07 8.93062e-07 8.73886e-07 
0.000262543 0.000263172 0.000262634 0.000262363 0.630408 0.367752 0.000262833 0.000262808 0.00026276 
0.00123316 0.990132 0.00123359 0.00123232 0.00123324 0.00123293 0.00123453 0.00123441 0.00123418 
